1 0.284375 0.9609375 0.0078125 0.015625
1 0.3 0.91796875 0.0078125 0.0140625
1 0.31640625 0.88984375 0.0078125 0.01171875
1 0.35546875 0.65 0.0078125 0.0078125
1 0.384375 0.5796875 0.0078125 0.009375
1 0.38203125 0.521875 0.0078125 0.01171875
1 0.4109375 0.4953125 0.0078125 0.0078125
1 0.42890625 0.484375 0.00625 0.00625
1 0.45625 0.4109375 0.00625 0.009375
1 0.47578125 0.378125 0.009375 0.01171875
1 0.4734375 0.35 0.0078125 0.0078125
1 0.49609375 0.315625 0.00625 0.009375
1 0.4953125 0.30390625 0.00625 0.0078125
1 0.50859375 0.303125 0.0078125 0.01171875
1 0.5125 0.26171875 0.0078125 0.0078125
1 0.52265625 0.2515625 0.00625 0.00625
1 0.5359375 0.19453125 0.009375 0.01953125
1 0.5515625 0.16796875 0.0078125 0.0078125
1 0.5734375 0.16328125 0.00625 0.0078125
1 0.575 0.14921875 0.0078125 0.0078125
1 0.5625 0.1484375 0.0078125 0.0078125
1 0.63203125 0.025 0.00625 0.00625
1 0.67890625 0.01171875 0.0078125 0.0078125
1 0.7 0.0125 0.00625 0.00625
1 0.66015625 0.11796875 0.009375 0.0078125
1 0.6515625 0.203125 0.0078125 0.0078125
1 0.6046875 0.2 0.0078125 0.0078125
1 0.63359375 0.24296875 0.0078125 0.0078125
1 0.5734375 0.27421875 0.0078125 0.0078125
1 0.5625 0.2875 0.009375 0.01171875
1 0.5484375 0.3171875 0.0078125 0.0078125
1 0.5609375 0.3203125 0.00625 0.0078125
1 0.5875 0.50703125 0.01171875 0.01171875
1 0.49296875 0.4515625 0.0078125 0.00625
1 0.3515625 0.78203125 0.0078125 0.009375
1 0.31875 0.8703125 0.00625 0.0078125
1 0.3671875 0.7328125 0.0078125 0.0078125
1 0.2 0.97265625 0.00625 0.0078125
1 0.21953125 0.940625 0.009375 0.00625
1 0.259375 0.86640625 0.0078125 0.0078125
1 0.346875 0.60234375 0.0078125 0.0078125
1 0.34453125 0.6640625 0.0078125 0.0078125
1 0.5078125 0.44453125 0.00625 0.00625
1 0.5453125 0.4609375 0.0078125 0.00625
1 0.640625 0.17109375 0.0078125 0.00625
1 0.2640625 0.953125 0.0078125 0.00625
1 0.2859375 0.91484375 0.0078125 0.0078125
1 0.34375 0.8125 0.00625 0.00625
1 0.56953125 0.09296875 0.0078125 0.00625
1 0.5515625 0.42578125 0.00625 0.0078125
1 0.55390625 0.43671875 0.00625 0.00625
1 0.55859375 0.4453125 0.00625 0.00625
1 0.56171875 0.45234375 0.00625 0.00625
1 0.7359375 0.6765625 0.0078125 0.00625
1 0.7234375 0.6453125 0.00625 0.00625
1 0.775 0.81953125 0.01171875 0.0078125