1 0.90546875 0.6 0.00390625 0.003125
1 0.8359375 0.6078125 0.00390625 0.003125
1 0.80859375 0.60859375 0.0046875 0.003125
1 0.4859375 0.6515625 0.00390625 0.00390625
1 0.3234375 0.6734375 0.00625 0.00390625
1 0.27734375 0.67890625 0.0046875 0.003125
1 0.18828125 0.68828125 0.003125 0.0015625
1 0.15859375 0.68671875 0.00390625 0.003125
1 0.1328125 0.6890625 0.00390625 0.003125
1 0.1078125 0.69375 0.00390625 0.003125
1 0.17421875 0.86796875 0.003125 0.00390625
1 0.4375 0.89921875 0.00390625 0.0046875
1 0.46171875 0.23046875 0.00390625 0.00703125
1 0.83515625 0.44609375 0.00625 0.003125
1 0.90859375 0.43828125 0.00390625 0.003125