1 0.0265625 0.4984375 0.009375 0.0078125
1 0.40625 0.315625 0.009375 0.009375
1 0.834375 0.10859375 0.01171875 0.0078125
1 0.86015625 0.096875 0.01171875 0.0078125
1 0.89453125 0.0796875 0.01171875 0.009375
1 0.909375 0.07890625 0.01171875 0.0078125
1 0.01875 0.5875 0.01171875 0.0078125
1 0.10859375 0.54375 0.0140625 0.009375
1 0.17578125 0.51171875 0.01171875 0.009375
1 0.20703125 0.48828125 0.01171875 0.01171875
1 0.0109375 0.6484375 0.0078125 0.0078125
1 0.19609375 0.5671875 0.009375 0.0078125
1 0.528125 0.33515625 0.021875 0.015625
1 0.70390625 0.25625 0.02734375 0.0171875
1 0.9203125 0.2109375 0.01171875 0.009375
1 0.8078125 0.13359375 0.0078125 0.0078125
1 0.8359375 0.125 0.0078125 0.00625
1 0.80546875 0.19140625 0.00625 0.00625
1 0.94375 0.128125 0.0078125 0.0078125
1 0.95390625 0.06171875 0.0078125 0.00625
1 0.528125 0.6109375 0.0078125 0.0078125
1 0.5109375 0.771875 0.00625 0.009375
1 0.69140625 0.628125 0.0078125 0.0078125
1 0.63984375 0.65625 0.0078125 0.00625
1 0.4984375 0.82421875 0.00625 0.0078125
1 0.490625 0.840625 0.00625 0.0078125
1 0.50390625 0.909375 0.00625 0.0078125
1 0.5265625 0.98515625 0.0078125 0.0078125
1 0.94921875 0.909375 0.009375 0.009375
1 0.08984375 0.4734375 0.0078125 0.00625
1 0.090625 0.4796875 0.0078125 0.00625
1 0.91328125 0.934375 0.0078125 0.00625
1 0.5265625 0.73515625 0.00625 0.00625
1 0.353125 0.41875 0.01171875 0.0078125
1 0.34765625 0.8234375 0.0078125 0.00625
1 0.3734375 0.8171875 0.0078125 0.00625
1 0.34765625 0.290625 0.00625 0.00625
1 0.3515625 0.284375 0.00390625 0.00625
1 0.38359375 0.26875 0.00625 0.00390625
1 0.38359375 0.27734375 0.00625 0.00390625
1 0.8234375 0.0390625 0.009375 0.0078125