1 0.50859375 0.0109375 0.00625 0.0078125
1 0.496875 0.3671875 0.0078125 0.0140625
1 0.54296875 0.68125 0.009375 0.021875
1 0.57109375 0.9875 0.009375 0.0171875
1 0.4125 0.60546875 0.0078125 0.0078125
1 0.3984375 0.4140625 0.00625 0.009375
1 0.38984375 0.35546875 0.00625 0.009375
1 0.3796875 0.315625 0.0078125 0.0078125
1 0.36640625 0.0875 0.0078125 0.0140625
1 0.3515625 0.0046875 0.00625 0.009375
1 0.4015625 0.5328125 0.0078125 0.0078125
1 0.39765625 0.4796875 0.00625 0.0078125
1 0.4109375 0.2203125 0.0078125 0.0171875