0 0.68359375 0.196875 0.07265625 0.0765625
0 0.753125 0.77734375 0.06640625 0.06484375
0 0.78046875 0.934375 0.06875 0.0734375
0 0.82265625 0.08984375 0.0671875 0.0734375
0 0.8296875 0.16953125 0.0671875 0.075
0 0.93046875 0.19296875 0.0828125 0.11171875
0 0.04765625 0.36015625 0.05 0.0515625
0 0.0546875 0.4171875 0.05 0.06015625
0 0.0640625 0.5546875 0.05 0.06796875
0 0.0953125 0.76953125 0.04375 0.0546875
0 0.30078125 0.3765625 0.06875 0.0734375
0 0.3109375 0.4578125 0.07109375 0.08671875
0 0.321875 0.53359375 0.06484375 0.0765625
0 0.3703125 0.9375 0.0671875 0.0765625
0 0.42734375 0.24609375 0.0625 0.0734375
0 0.44375 0.31953125 0.0625 0.0703125
0 0.546875 0.44453125 0.06015625 0.096875
0 0.6296875 0.4890625 0.0828125 0.10703125
0 0.696875 0.3484375 0.07265625 0.0765625
0 0.2921875 0.1046875 0.0796875 0.0984375
0 0.87421875 0.4859375 0.0703125 0.075