0 0.24453125 0.0640625 0.05625 0.06640625
0 0.26640625 0.20859375 0.0421875 0.0546875
0 0.271875 0.28359375 0.0453125 0.06484375
0 0.29140625 0.43046875 0.05 0.06328125
0 0.13203125 0.31328125 0.0546875 0.071875
0 0.15859375 0.534375 0.05390625 0.0703125
0 0.515625 0.090625 0.0375 0.03984375
0 0.5265625 0.17265625 0.04140625 0.046875
0 0.646875 0.02890625 0.05390625 0.0546875
0 0.6609375 0.0984375 0.0546875 0.06640625
0 0.66875 0.16953125 0.0421875 0.05
0 0.67734375 0.2421875 0.0546875 0.06328125
0 0.68203125 0.3125 0.0390625 0.04296875
0 0.7 0.44296875 0.05390625 0.071875
0 0.70390625 0.51328125 0.05 0.06484375
0 0.69921875 0.590625 0.05 0.06484375
0 0.57265625 0.53671875 0.0515625 0.0703125
0 0.5890625 0.609375 0.0515625 0.06796875
0 0.0796875 0.87421875 0.06875 0.08515625