1 0.89921875 0.86875 0.009375 0.00625
1 0.7515625 0.92109375 0.015625 0.00625
1 0.80859375 0.61796875 0.0140625 0.009375
1 0.71875 0.63125 0.04296875 0.0140625
1 0.00859375 0.78046875 0.01171875 0.0078125
1 0.33125 0.703125 0.0171875 0.009375
1 0.709375 0.61875 0.0140625 0.00625
1 0.9296875 0.6484375 0.0078125 0.0078125
1 0.2984375 0.60234375 0.025 0.0140625
1 0.41875 0.40234375 0.009375 0.01171875
1 0.28828125 0.41015625 0.0140625 0.0078125
1 0.23359375 0.36328125 0.0078125 0.0078125
1 0.22578125 0.30390625 0.009375 0.01171875
1 0.57421875 0.1828125 0.009375 0.009375
1 0.5375 0.0890625 0.0078125 0.0078125
1 0.93046875 0.2765625 0.0140625 0.0078125
1 0.628125 0.61875 0.0140625 0.0078125