1 0.4296875 0.97734375 0.0078125 0.01171875
1 0.42109375 0.96015625 0.0078125 0.0078125
1 0.4359375 0.9265625 0.0078125 0.009375
1 0.43125 0.8140625 0.0078125 0.01171875
1 0.4578125 0.69921875 0.0078125 0.009375
1 0.42109375 0.81328125 0.009375 0.03515625
1 0.4328125 0.56328125 0.00625 0.0078125
1 0.43125 0.40703125 0.0078125 0.0171875
1 0.4453125 0.38984375 0.009375 0.01171875
1 0.4609375 0.3515625 0.009375 0.01171875
1 0.425 0.35 0.0078125 0.01171875
1 0.5015625 0.75625 0.0078125 0.01171875
1 0.44609375 0.05078125 0.00625 0.0078125
1 0.453125 0.00703125 0.0078125 0.009375
1 0.49609375 0.3734375 0.0078125 0.01171875
1 0.5015625 0.26484375 0.0078125 0.009375
1 0.48359375 0.25078125 0.00625 0.00625
1 0.4890625 0.04296875 0.00625 0.0078125
1 0.51875 0.14453125 0.00625 0.0078125
1 0.678125 0.02265625 0.0078125 0.009375
1 0.7640625 0.1421875 0.0078125 0.0078125
1 0.88671875 0.2953125 0.0078125 0.0078125
1 0.6015625 0.0359375 0.015625 0.0140625
1 0.95234375 0.42265625 0.00625 0.00625
1 0.83125 0.29765625 0.0140625 0.0140625
1 0.77421875 0.253125 0.00625 0.00625
1 0.4296875 0.1375 0.0078125 0.00625
1 0.15703125 0.325 0.0140625 0.0171875
1 0.14453125 0.371875 0.0078125 0.009375
1 0.11875 0.4984375 0.0078125 0.0140625
1 0.13984375 0.6 0.0078125 0.01171875
1 0.2109375 0.73515625 0.0078125 0.009375
1 0.2453125 0.49375 0.0078125 0.00625
1 0.51171875 0.5296875 0.0078125 0.00390625
1 0.046875 0.45625 0.0078125 0.00625
1 0.80546875 0.78515625 0.00625 0.0078125
1 0.725 0.95234375 0.00625 0.00625
1 0.9953125 0.7671875 0.00625 0.00390625
1 0.81171875 0.4796875 0.00625 0.0078125
1 0.2296875 0.1546875 0.0078125 0.0078125