1 0.275 0.3421875 0.02734375 0.021875
1 0.3640625 0.421875 0.021875 0.0328125
1 0.0046875 0.1296875 0.009375 0.0078125
1 0.178125 0.74609375 0.01171875 0.01171875
1 0.21171875 0.73046875 0.0140625 0.0140625
1 0.2703125 0.29296875 0.0171875 0.015625
1 0.4609375 0.4203125 0.0171875 0.0140625
1 0.56953125 0.4984375 0.01171875 0.009375
1 0.80390625 0.6109375 0.040625 0.01171875
1 0.11796875 0.925 0.01171875 0.015625
1 0.1296875 0.2578125 0.0140625 0.01171875
1 0.1515625 0.271875 0.0140625 0.01171875
1 0.496875 0.4453125 0.009375 0.009375