0 0.8890625 0.12890625 0.04609375 0.05234375
0 0.634375 0.56171875 0.04609375 0.05390625
0 0.42890625 0.06796875 0.05859375 0.05390625
0 0.42578125 0.17265625 0.0703125 0.0703125
0 0.296875 0.203125 0.0484375 0.05625
0 0.1953125 0.4171875 0.04140625 0.05
0 0.26328125 0.4140625 0.04765625 0.05234375
0 0.4203125 0.4140625 0.0484375 0.0546875
0 0.421875 0.4984375 0.0578125 0.05
0 0.4234375 0.5515625 0.04765625 0.04765625
0 0.415625 0.83046875 0.04609375 0.0390625
0 0.446875 0.88828125 0.0484375 0.04765625