1 0.25 0.09453125 0.009375 0.01171875
1 0.22734375 0.153125 0.0078125 0.009375
1 0.43046875 0.52734375 0.0078125 0.0078125
1 0.46953125 0.61328125 0.00625 0.0078125
1 0.56953125 0.8796875 0.00625 0.0078125
1 0.5859375 0.85078125 0.00625 0.00625
1 0.34765625 0.41796875 0.0078125 0.0078125
1 0.3171875 0.3328125 0.00625 0.00625
1 0.4015625 0.4671875 0.00625 0.0078125
1 0.40234375 0.453125 0.00625 0.00390625
1 0.5234375 0.77421875 0.00625 0.00625
1 0.4046875 0.52734375 0.00625 0.00625
1 0.484375 0.6578125 0.0078125 0.009375
1 0.928125 0.3609375 0.009375 0.0140625