0 0.8390625 0.0578125 0.07421875 0.0890625
0 0.7640625 0.1140625 0.0953125 0.1109375
0 0.69765625 0.1578125 0.08828125 0.1078125
0 0.63515625 0.2046875 0.0890625 0.1078125
0 0.5125 0.2109375 0.05234375 0.06796875
0 0.4515625 0.1984375 0.05546875 0.06484375
0 0.28046875 0.14921875 0.03828125 0.046875
0 0.47421875 0.39921875 0.075 0.10078125
0 0.43203125 0.35625 0.0859375 0.1046875
0 0.37734375 0.33984375 0.0625 0.07421875
0 0.31328125 0.321875 0.0625 0.07578125
0 0.0890625 0.49453125 0.07421875 0.08671875
0 0.0640625 0.6203125 0.0625 0.07265625
0 0.0765625 0.68671875 0.08515625 0.10234375
0 0.16796875 0.7359375 0.0828125 0.09765625
0 0.35390625 0.6015625 0.084375 0.09921875
0 0.19609375 0.6 0.07578125 0.090625
0 0.19921875 0.51953125 0.059375 0.0703125
0 0.346875 0.4796875 0.07109375 0.0890625
0 0.9046875 0.22578125 0.0625 0.0796875
0 0.9546875 0.2015625 0.0421875 0.053125
0 0.02890625 0.31484375 0.04140625 0.04375
0 0.078125 0.3375 0.040625 0.05078125
0 0.02265625 0.47578125 0.04296875 0.05703125
0 0.6875 0.39453125 0.0484375 0.06015625
0 0.66484375 0.55625 0.040625 0.05234375
0 0.8421875 0.96484375 0.0359375 0.0453125
0 0.10078125 0.90859375 0.03671875 0.04609375
0 0.06640625 0.934375 0.04140625 0.05