1 0.3046875 0.9296875 0.009375 0.01171875
1 0.396875 0.7734375 0.009375 0.009375
1 0.4046875 0.7484375 0.0140625 0.0171875
1 0.4140625 0.64140625 0.009375 0.0140625
1 0.49140625 0.6375 0.01171875 0.01171875
1 0.4671875 0.553125 0.0078125 0.009375
1 0.5734375 0.3203125 0.01171875 0.0140625
1 0.5859375 0.3375 0.0078125 0.009375
1 0.58203125 0.36015625 0.009375 0.01171875
1 0.5671875 0.375 0.009375 0.01171875
1 0.6078125 0.2515625 0.0078125 0.0078125
1 0.6515625 0.2234375 0.009375 0.009375
1 0.7671875 0.1125 0.009375 0.01171875
1 0.3546875 0.8203125 0.009375 0.01171875
1 0.35078125 0.84375 0.009375 0.01171875
1 0.34375 0.871875 0.01171875 0.01171875
1 0.43125 0.62890625 0.009375 0.009375
1 0.78046875 0.06953125 0.01171875 0.0140625
1 0.590625 0.43046875 0.009375 0.009375
1 0.4734375 0.52421875 0.01171875 0.009375
1 0.68671875 0.25859375 0.0140625 0.0140625
1 0.72578125 0.19609375 0.01171875 0.01171875
1 0.70703125 0.11640625 0.009375 0.009375
1 0.69140625 0.1375 0.0078125 0.01171875
1 0.6046875 0.440625 0.0078125 0.0078125
1 0.73046875 0.0328125 0.0078125 0.009375
1 0.39453125 0.525 0.00625 0.00390625