1 0.515625 0.4625 0.009375 0.01171875
1 0.50390625 0.4890625 0.009375 0.009375
1 0.48828125 0.4953125 0.0078125 0.009375
1 0.4484375 0.53515625 0.0078125 0.0078125
1 0.44609375 0.5609375 0.0078125 0.009375
1 0.428125 0.58125 0.009375 0.0078125
1 0.4171875 0.60078125 0.009375 0.009375
1 0.38203125 0.62890625 0.009375 0.009375
1 0.35234375 0.66484375 0.009375 0.009375
1 0.32890625 0.696875 0.0078125 0.009375
1 0.3125 0.7078125 0.009375 0.0078125
1 0.29765625 0.725 0.0078125 0.0078125
1 0.3046875 0.73828125 0.0078125 0.0078125
1 0.28203125 0.75625 0.0078125 0.0078125
1 0.2546875 0.7921875 0.009375 0.009375
1 0.265625 0.78984375 0.009375 0.009375
1 0.23828125 0.80078125 0.0078125 0.0078125
1 0.240625 0.8125 0.009375 0.0078125
1 0.23828125 0.8234375 0.0078125 0.0078125
1 0.21953125 0.8359375 0.009375 0.009375
1 0.20234375 0.85859375 0.0078125 0.0078125
1 0.2125 0.86015625 0.0078125 0.0078125
1 0.18046875 0.88203125 0.009375 0.009375
1 0.19375 0.8875 0.009375 0.0078125
1 0.15546875 0.90703125 0.0078125 0.009375
1 0.1234375 0.9515625 0.009375 0.009375
1 0.11640625 0.9796875 0.0078125 0.009375
1 0.1 0.996875 0.009375 0.00625
1 0.38984375 0.5109375 0.01171875 0.009375
1 0.8484375 0.0890625 0.0078125 0.0078125
1 0.57734375 0.38359375 0.0078125 0.009375
1 0.61328125 0.328125 0.0078125 0.0078125
1 0.45234375 0.54765625 0.0078125 0.0078125
1 0.425 0.565625 0.009375 0.009375
1 0.3515625 0.68359375 0.009375 0.01171875
1 0.2625 0.671875 0.0078125 0.0078125
1 0.2765625 0.67890625 0.0078125 0.0078125
1 0.271875 0.671875 0.0078125 0.009375