1 0.18359375 0.678125 0.0234375 0.0234375
1 0.2140625 0.640625 0.009375 0.01171875
1 0.0703125 0.7890625 0.01171875 0.01171875
1 0.14140625 0.721875 0.01171875 0.01171875
1 0.0734375 0.85234375 0.015625 0.015625
1 0.409375 0.49296875 0.009375 0.009375
1 0.3203125 0.590625 0.009375 0.009375
1 0.45625 0.4515625 0.01171875 0.0140625
1 0.578125 0.32421875 0.009375 0.0078125
1 0.546875 0.35 0.009375 0.009375
1 0.646875 0.2640625 0.01171875 0.01171875
1 0.3390625 0.23046875 0.01171875 0.01171875
1 0.46171875 0.36875 0.0140625 0.01171875
1 0.2078125 0.709375 0.009375 0.0078125
1 0.18671875 0.7359375 0.01171875 0.009375
1 0.60859375 0.246875 0.01171875 0.009375
1 0.5109375 0.39765625 0.009375 0.01171875
1 0.1484375 0.73125 0.0078125 0.009375
1 0.1046875 0.9859375 0.009375 0.01171875
1 0.0203125 0.928125 0.009375 0.01171875
1 0.03046875 0.95 0.009375 0.0078125
1 0.009375 0.98828125 0.01171875 0.009375
1 0.46484375 0.471875 0.01171875 0.01171875
1 0.48125 0.4609375 0.01171875 0.01171875
1 0.4703125 0.49140625 0.0078125 0.0078125
1 0.040625 0.7515625 0.01171875 0.009375
1 0.10078125 0.7703125 0.0140625 0.015625
1 0.68125 0.2 0.01171875 0.009375
1 0.7046875 0.14140625 0.01171875 0.01171875
1 0.70703125 0.1984375 0.0140625 0.01171875
1 0.7390625 0.17109375 0.01171875 0.01171875
1 0.753125 0.053125 0.0296875 0.015625
1 0.9046875 0.1 0.009375 0.009375
1 0.925 0.10078125 0.0140625 0.01171875
1 0.75625 0.01484375 0.0078125 0.0078125
1 0.74375 0.021875 0.009375 0.0078125
1 0.88671875 0.07109375 0.009375 0.009375
1 0.659375 0.1453125 0.0078125 0.009375
1 0.64375 0.0703125 0.009375 0.01171875
1 0.9625 0.04375 0.009375 0.009375
1 0.871875 0.0078125 0.025 0.015625
1 0.88359375 0.0578125 0.0078125 0.0078125
1 0.890625 0.01875 0.009375 0.0078125
1 0.7765625 0.13984375 0.015625 0.009375
1 0.7921875 0.1140625 0.01171875 0.01171875
1 0.70390625 0.2234375 0.01171875 0.009375
1 0.06328125 0.76171875 0.01171875 0.01171875