0 0.6734375 0.396875 0.078125 0.078125
0 0.69375 0.93125 0.07421875 0.071875
0 0.4234375 0.065625 0.05078125 0.04140625
0 0.61640625 0.15234375 0.04609375 0.04921875
0 0.64609375 0.6171875 0.05546875 0.05625
0 0.790625 0.60625 0.04609375 0.0453125
0 0.56875 0.790625 0.053125 0.053125
0 0.540625 0.1640625 0.04296875 0.040625
0 0.73203125 0.32109375 0.05078125 0.05078125
0 0.553125 0.5546875 0.0390625 0.03359375
0 0.5640625 0.66953125 0.0453125 0.0453125
0 0.67265625 0.66640625 0.0453125 0.0453125
0 0.89375 0.95703125 0.04296875 0.040625
0 0.0515625 0.23125 0.05 0.04453125