1 0.025 0.83203125 0.009375 0.0078125
1 0.03984375 0.825 0.009375 0.009375
1 0.0359375 0.840625 0.0078125 0.00625
1 0.0359375 0.8484375 0.0078125 0.00625
1 0.05 0.8421875 0.0078125 0.0078125
1 0.0484375 0.85078125 0.009375 0.00625
1 0.0625 0.84453125 0.009375 0.00625
1 0.0703125 0.83125 0.009375 0.0078125
1 0.08671875 0.83203125 0.009375 0.00625
1 0.10078125 0.83671875 0.009375 0.00625
1 0.13203125 0.840625 0.009375 0.00625
1 0.18359375 0.85859375 0.0078125 0.00625
1 0.078125 0.846875 0.0078125 0.00625
1 0.0796875 0.85546875 0.009375 0.0078125
1 0.09453125 0.85625 0.009375 0.0078125
1 0.11328125 0.859375 0.009375 0.00625
1 0.128125 0.84765625 0.009375 0.00625
1 0.215625 0.8640625 0.009375 0.00625
1 0.23359375 0.86796875 0.009375 0.00625
1 0.271875 0.875 0.009375 0.00625
1 0.26875 0.8640625 0.0234375 0.009375
1 0.34453125 0.9109375 0.021875 0.009375
1 0.3671875 0.91328125 0.0140625 0.0078125
1 0.4125 0.9359375 0.01171875 0.0078125
1 0.4328125 0.91015625 0.009375 0.00625
1 0.99140625 0.82734375 0.009375 0.0078125
1 0.9921875 0.83984375 0.01171875 0.0078125
1 0.9453125 0.84375 0.0140625 0.009375
1 0.9625 0.85546875 0.0140625 0.0078125
1 0.90234375 0.87109375 0.009375 0.0078125
1 0.734375 0.91875 0.01171875 0.0078125
1 0.76640625 0.9234375 0.02734375 0.015625
1 0.784375 0.9046875 0.01171875 0.0078125
1 0.83125 0.896875 0.01171875 0.0078125
1 0.934375 0.8578125 0.00625 0.0078125
1 0.8609375 0.83203125 0.01953125 0.0078125
1 0.6921875 0.92890625 0.009375 0.009375
1 0.0203125 0.73828125 0.009375 0.0171875
1 0.003125 0.75078125 0.00625 0.01171875
1 0.01484375 0.70625 0.00625 0.00625
1 0.05 0.8203125 0.009375 0.0078125
1 0.059375 0.828125 0.009375 0.00625