0 0.19375 0.4125 0.04453125 0.06484375
0 0.61953125 0.3890625 0.01015625 0.01640625
0 0.63046875 0.39140625 0.01015625 0.01640625
0 0.640625 0.3921875 0.01015625 0.01484375
0 0.50390625 0.37421875 0.01796875 0.0328125
0 0.5625 0.3828125 0.01484375 0.0265625
0 0.57734375 0.384375 0.01328125 0.0265625
0 0.43984375 0.3625 0.0296875 0.0453125
0 0.4453125 0.303125 0.0171875 0.025
0 0.52109375 0.30546875 0.02421875 0.0359375
0 0.5328125 0.32265625 0.021875 0.0328125
0 0.90546875 0.77109375 0.03359375 0.0515625
0 0.71484375 0.85234375 0.034375 0.05
0 0.63046875 0.859375 0.04140625 0.05859375
0 0.09609375 0.80078125 0.0375 0.05234375
0 0.625 0.56953125 0.0171875 0.0265625