0 0.3171875 0.16171875 0.0390625 0.0515625
0 0.3359375 0.2328125 0.0328125 0.0390625
0 0.3078125 0.28125 0.03984375 0.053125
0 0.3046875 0.3234375 0.0328125 0.04296875
0 0.2765625 0.3390625 0.040625 0.05390625
0 0.2390625 0.6171875 0.0546875 0.0734375
0 0.3640625 0.57265625 0.0359375 0.04765625
0 0.53125 0.38046875 0.0328125 0.0453125
0 0.64453125 0.4296875 0.03046875 0.040625
0 0.66875 0.3859375 0.03828125 0.05
0 0.6828125 0.3296875 0.03046875 0.03984375
0 0.83125 0.22734375 0.0328125 0.04296875
0 0.66796875 0.28984375 0.0359375 0.04765625
0 0.63671875 0.284375 0.0359375 0.04765625
0 0.621875 0.25 0.0375 0.04921875
0 0.590625 0.253125 0.034375 0.0453125
0 0.5734375 0.10078125 0.0375 0.0484375
0 0.7140625 0.62265625 0.03125 0.03984375
0 0.74375 0.70859375 0.03671875 0.05
0 0.7453125 0.7890625 0.0328125 0.0421875
0 0.2625 0.88359375 0.03046875 0.0421875
0 0.021875 0.92734375 0.03125 0.040625
0 0.94453125 0.915625 0.0515625 0.0671875
0 0.515625 0.8328125 0.05078125 0.0703125
0 0.64140625 0.809375 0.0578125 0.06953125
0 0.9109375 0.75546875 0.04765625 0.06171875
0 0.175 0.89765625 0.0328125 0.0421875
0 0.3640625 0.4828125 0.03515625 0.040625
0 0.32578125 0.6046875 0.0578125 0.075
0 0.2109375 0.46953125 0.06953125 0.090625
0 0.7171875 0.05546875 0.03828125 0.05078125
0 0.71328125 0.23828125 0.0359375 0.0484375