1 0.97265625 0.74375 0.0140625 0.0140625
1 0.96015625 0.771875 0.009375 0.009375
1 0.9453125 0.8125 0.009375 0.009375
1 0.8515625 0.984375 0.009375 0.009375
1 0.925 0.83125 0.00625 0.0078125
1 0.9578125 0.790625 0.0078125 0.009375
1 0.24921875 0.80078125 0.015625 0.009375
1 0.078125 0.47734375 0.00625 0.00390625
1 0.39375 0.3171875 0.0078125 0.0078125
1 0.51953125 0.2640625 0.00625 0.00625
1 0.6484375 0.1515625 0.00625 0.0078125
1 0.071875 0.5484375 0.01171875 0.00625
1 0.32109375 0.36015625 0.009375 0.0078125