0 0.4265625 0.1875 0.05078125 0.0640625
0 0.065625 0.2546875 0.05078125 0.0609375
0 0.671875 0.14453125 0.05 0.0625
0 0.81171875 0.12109375 0.053125 0.06640625
0 0.0328125 0.76015625 0.025 0.03125
0 0.0890625 0.75234375 0.03203125 0.0453125
0 0.11484375 0.74296875 0.02578125 0.04140625
0 0.14375 0.7390625 0.03515625 0.0421875
0 0.228125 0.7203125 0.02578125 0.03359375
0 0.2640625 0.7109375 0.02109375 0.02890625
0 0.16484375 0.7953125 0.07265625 0.08359375
0 0.23671875 0.78125 0.07890625 0.0953125
0 0.31875 0.7671875 0.075 0.08984375
0 0.48671875 0.80078125 0.09296875 0.11015625
0 0.6328125 0.8609375 0.0921875 0.10859375
0 0.2046875 0.7234375 0.02109375 0.025
0 0.1796875 0.73515625 0.03515625 0.04609375
0 0.1703125 0.9609375 0.075 0.07734375
0 0.39375 0.94453125 0.084375 0.1015625