0 0.77265625 0.5359375 0.08203125 0.0921875
0 0.70078125 0.7765625 0.08125 0.1015625
0 0.85234375 0.9265625 0.071875 0.0859375
0 0.36015625 0.6828125 0.05 0.05859375
0 0.440625 0.7515625 0.02578125 0.04765625
0 0.47265625 0.72265625 0.0390625 0.0546875
0 0.2671875 0.45703125 0.03125 0.0390625
0 0.17890625 0.453125 0.046875 0.0625
0 0.17421875 0.73125 0.05234375 0.06484375
0 0.18359375 0.6265625 0.04609375 0.05390625
0 0.12890625 0.61640625 0.04921875 0.0609375
0 0.08984375 0.59453125 0.04609375 0.05625
0 0.1453125 0.503125 0.04921875 0.05859375
0 0.453125 0.5484375 0.04375 0.0484375
0 0.45625 0.62421875 0.034375 0.0484375
0 0.6546875 0.46875 0.03515625 0.04765625
0 0.9171875 0.3875 0.03828125 0.04609375
0 0.965625 0.39765625 0.03515625 0.0421875
0 0.8078125 0.72421875 0.04765625 0.05859375
0 0.6625 0.62265625 0.0421875 0.0515625
0 0.7796875 0.45546875 0.03515625 0.04375
0 0.44140625 0.86328125 0.05234375 0.06484375
0 0.9203125 0.8203125 0.046875 0.0625
0 0.66640625 0.546875 0.06875 0.07890625
0 0.68125 0.6921875 0.08671875 0.1015625