1 0.00703125 0.43671875 0.009375 0.00625
1 0.08671875 0.4359375 0.009375 0.0078125
1 0.1515625 0.44375 0.009375 0.009375
1 0.2890625 0.4375 0.01171875 0.0078125
1 0.3375 0.44375 0.009375 0.0078125
1 0.38125 0.4296875 0.01171875 0.0078125
1 0.53984375 0.4453125 0.009375 0.0078125
1 0.65546875 0.4390625 0.009375 0.00625
1 0.6625 0.446875 0.009375 0.0078125
1 0.684375 0.43359375 0.015625 0.0078125
1 0.72734375 0.4328125 0.01171875 0.0078125
1 0.8703125 0.42578125 0.015625 0.009375
1 0.896875 0.440625 0.0140625 0.00625
1 0.97265625 0.32734375 0.0078125 0.00625
1 0.925 0.36328125 0.0078125 0.0078125
1 0.80390625 0.35625 0.01171875 0.0078125
1 0.740625 0.36328125 0.01171875 0.0078125
1 0.665625 0.3625 0.009375 0.0078125
1 0.721875 0.3140625 0.0140625 0.0078125
1 0.6625 0.31171875 0.009375 0.0078125
1 0.559375 0.30625 0.0078125 0.0078125
1 0.50625 0.3640625 0.02734375 0.0078125
1 0.50078125 0.3546875 0.0140625 0.0078125
1 0.25859375 0.3625 0.0375 0.009375
1 0.2296875 0.35234375 0.009375 0.0078125
1 0.16328125 0.35 0.0171875 0.009375
1 0.43046875 0.62890625 0.0078125 0.01171875
1 0.4640625 0.675 0.00625 0.009375
1 0.4578125 0.76484375 0.009375 0.009375
1 0.490625 0.5734375 0.0078125 0.009375
1 0.59765625 0.465625 0.009375 0.0078125
1 0.74296875 0.46171875 0.0078125 0.00625
1 0.76875 0.39921875 0.0078125 0.009375
1 0.503125 0.6578125 0.01171875 0.0078125
1 0.48828125 0.43359375 0.009375 0.0078125
1 0.78515625 0.3625 0.0078125 0.00625
1 0.471875 0.4375 0.00625 0.00625
1 0.80390625 0.66875 0.01171875 0.00625
1 0.121875 0.66015625 0.0078125 0.00625