0 0.04140625 0.3546875 0.08203125 0.109375
0 0.10390625 0.3921875 0.08046875 0.1078125
0 0.05 0.11875 0.08125 0.109375
0 0.11171875 0.1578125 0.08359375 0.115625
0 0.17578125 0.19375 0.06953125 0.10078125
0 0.2296875 0.340625 0.0671875 0.08515625
0 0.4109375 0.328125 0.06796875 0.10078125
0 0.6375 0.46328125 0.06953125 0.10234375
0 0.58046875 0.61015625 0.065625 0.090625
0 0.82109375 0.77578125 0.07109375 0.0921875
0 0.8609375 0.63984375 0.05859375 0.07734375
0 0.92265625 0.915625 0.07265625 0.0953125
0 0.96328125 0.7703125 0.07109375 0.10390625
0 0.89140625 0.38515625 0.06953125 0.0921875