1 0.1265625 0.91875 0.01171875 0.009375
1 0.4390625 0.7921875 0.01171875 0.0078125
1 0.725 0.684375 0.01171875 0.009375
1 0.01953125 0.85859375 0.01171875 0.0078125
1 0.30625 0.8140625 0.009375 0.00625
1 0.5171875 0.584375 0.0078125 0.0078125
1 0.50625 0.6875 0.00625 0.0078125
1 0.51875 0.54296875 0.0078125 0.0078125
1 0.546875 0.5484375 0.009375 0.01171875
1 0.584375 0.49140625 0.01171875 0.0140625
1 0.6671875 0.37890625 0.0078125 0.0078125
1 0.61796875 0.434375 0.01171875 0.00625
1 0.84375 0.16328125 0.009375 0.0078125
1 0.8984375 0.1140625 0.0078125 0.009375
1 0.3640625 0.44140625 0.0140625 0.0078125
1 0.334375 0.45625 0.009375 0.0078125
1 0.575 0.5609375 0.0078125 0.0078125
1 0.44453125 0.409375 0.0078125 0.0078125
1 0.6390625 0.3640625 0.0078125 0.0078125
1 0.715625 0.290625 0.0078125 0.0078125
1 0.7296875 0.27421875 0.009375 0.009375
1 0.7265625 0.24296875 0.01171875 0.0140625
1 0.73125 0.2515625 0.00625 0.00625
1 0.7109375 0.284375 0.01171875 0.01171875
1 0.746875 0.2296875 0.0078125 0.0078125
1 0.784375 0.20703125 0.0078125 0.00625
1 0.78203125 0.1875 0.0078125 0.009375
1 0.78046875 0.175 0.0078125 0.00625
1 0.7953125 0.15546875 0.009375 0.009375
1 0.80625 0.15703125 0.0078125 0.0078125
1 0.80859375 0.1765625 0.01171875 0.0078125
1 0.79296875 0.19375 0.00625 0.00625
1 0.8203125 0.16328125 0.01171875 0.01171875
1 0.83671875 0.14140625 0.01171875 0.009375
1 0.85078125 0.125 0.0078125 0.0078125
1 0.85859375 0.090625 0.0078125 0.0078125
1 0.871875 0.096875 0.00625 0.0078125
1 0.87109375 0.075 0.0078125 0.009375
1 0.8875 0.0765625 0.01171875 0.009375
1 0.8984375 0.06328125 0.01171875 0.01171875
1 0.9 0.03515625 0.009375 0.0078125
1 0.91875 0.03515625 0.0078125 0.0078125
1 0.83984375 0.1140625 0.0078125 0.0078125
1 0.83984375 0.1015625 0.0078125 0.00625
1 0.28515625 0.60546875 0.009375 0.009375
1 0.67265625 0.24140625 0.0078125 0.0078125