0 0.04140625 0.7875 0.03203125 0.02890625
0 0.17734375 0.759375 0.0765625 0.0796875
0 0.2375 0.71015625 0.08203125 0.07890625
0 0.36875 0.63359375 0.08125 0.07734375
0 0.39609375 0.57109375 0.08046875 0.0765625
0 0.42421875 0.50859375 0.07890625 0.07578125
0 0.45078125 0.4453125 0.0796875 0.0765625
0 0.4375 0.76328125 0.07265625 0.07578125
0 0.515625 0.79609375 0.07109375 0.07265625
0 0.58515625 0.85 0.0796875 0.0765625
0 0.6625 0.8828125 0.08046875 0.0765625
0 0.74140625 0.91640625 0.06953125 0.071875
0 0.92265625 0.775 0.0796875 0.0765625
0 0.134375 0.55859375 0.0421875 0.0390625
0 0.1484375 0.5265625 0.04140625 0.0375
0 0.16171875 0.49453125 0.040625 0.03984375
0 0.175 0.4625 0.04375 0.04140625
0 0.1890625 0.43125 0.04140625 0.03828125
0 0.05 0.52578125 0.0375 0.0375
0 0.06171875 0.49375 0.0375 0.0375
0 0.0765625 0.4625 0.0375 0.0359375
0 0.090625 0.43125 0.03828125 0.03671875
0 0.103125 0.4 0.0375 0.03515625