0 0.03515625 0.7796875 0.0484375 0.096875
0 0.11640625 0.79609375 0.04140625 0.08515625
0 0.16015625 0.77578125 0.040625 0.08203125
0 0.20390625 0.76171875 0.040625 0.08203125
0 0.25078125 0.65390625 0.034375 0.06953125
0 0.26484375 0.565625 0.0375 0.07421875
0 0.25234375 0.47421875 0.03671875 0.075
0 0.10703125 0.3859375 0.02265625 0.03671875
0 0.15078125 0.36328125 0.028125 0.05703125
0 0.11640625 0.26484375 0.021875 0.03359375
0 0.1171875 0.2109375 0.021875 0.03359375
0 0.11640625 0.16796875 0.021875 0.03125
0 0.1171875 0.03203125 0.02578125 0.0453125
0 0.05546875 0.1046875 0.01796875 0.0453125
0 0.38125 0.45625 0.03203125 0.0609375
0 0.384375 0.5234375 0.02578125 0.0453125
0 0.38046875 0.59296875 0.03125 0.06171875
0 0.3796875 0.64921875 0.04140625 0.08203125
0 0.39375 0.7109375 0.03984375 0.08359375
0 0.428125 0.69921875 0.03671875 0.07578125
0 0.453125 0.65390625 0.05234375 0.1046875
0 0.45859375 0.59375 0.03125 0.05703125
0 0.45703125 0.45703125 0.02265625 0.04453125
0 0.49921875 0.38359375 0.03515625 0.065625
0 0.540625 0.38671875 0.03828125 0.07890625
0 0.584375 0.47578125 0.03828125 0.075
0 0.5890625 0.56171875 0.04921875 0.096875
0 0.61640625 0.6140625 0.046875 0.0953125
0 0.6546875 0.625 0.04140625 0.090625
0 0.6984375 0.609375 0.04296875 0.08671875
0 0.74296875 0.59609375 0.040625 0.08515625
0 0.78828125 0.58125 0.034375 0.075
0 0.8296875 0.54765625 0.0421875 0.0859375
0 0.95859375 0.43515625 0.0515625 0.103125
0 0.95546875 0.2953125 0.0515625 0.10390625
0 0.10625 0.91953125 0.034375 0.05546875
0 0.9859375 0.20078125 0.0140625 0.028125
0 0.97265625 0.2015625 0.01015625 0.0203125