1 0.0515625 0.4859375 0.0140625 0.009375
1 0.3796875 0.55859375 0.009375 0.009375
1 0.7171875 0.69453125 0.0234375 0.025
1 0.75859375 0.72265625 0.01171875 0.01171875
1 0.80390625 0.75703125 0.009375 0.009375
1 0.990625 0.9203125 0.01171875 0.01171875
1 0.5953125 0.63671875 0.015625 0.01171875
1 0.58515625 0.64765625 0.009375 0.009375
1 0.5359375 0.62421875 0.01171875 0.009375
1 0.50859375 0.6 0.009375 0.009375
1 0.49296875 0.603125 0.009375 0.009375
1 0.46171875 0.5859375 0.01171875 0.0078125
1 0.46171875 0.5953125 0.01171875 0.0078125
1 0.44140625 0.5796875 0.009375 0.009375
1 0.4328125 0.58671875 0.0078125 0.0078125
1 0.39375 0.5765625 0.009375 0.0078125
1 0.30625 0.55390625 0.0140625 0.009375
1 0.2828125 0.553125 0.009375 0.0078125
1 0.3484375 0.6046875 0.0078125 0.009375
1 0.340625 0.6453125 0.0078125 0.0078125
1 0.33671875 0.6671875 0.0078125 0.009375
1 0.33515625 0.6890625 0.009375 0.009375
1 0.334375 0.7078125 0.00625 0.0078125
1 0.33125 0.72265625 0.0078125 0.009375
1 0.33125 0.73828125 0.0078125 0.009375
1 0.32734375 0.7984375 0.0078125 0.009375
1 0.3203125 0.9078125 0.0078125 0.0078125
1 0.31640625 0.9640625 0.0078125 0.009375
1 0.596875 0.61640625 0.0078125 0.0078125
1 0.625 0.18046875 0.0078125 0.0140625
1 0.51875 0.015625 0.009375 0.01171875
1 0.51171875 0.13671875 0.0078125 0.01171875
1 0.49921875 0.36875 0.01171875 0.04296875
1 0.49609375 0.42890625 0.0078125 0.01171875
1 0.484375 0.4546875 0.009375 0.015625
1 0.50078125 0.50078125 0.0078125 0.009375
1 0.50859375 0.5140625 0.0078125 0.009375
1 0.42109375 0.9703125 0.0078125 0.01171875
1 0.40703125 0.9625 0.009375 0.01171875
1 0.41015625 0.853125 0.009375 0.015625
1 0.4140625 0.80546875 0.009375 0.01171875
1 0.41015625 0.75625 0.0078125 0.009375
1 0.42109375 0.53515625 0.009375 0.009375
1 0.4265625 0.5859375 0.00625 0.009375
1 0.4328125 0.578125 0.0078125 0.009375
1 0.4265625 0.5671875 0.00625 0.009375
1 0.4359375 0.39375 0.01171875 0.01171875
1 0.4609375 0.1953125 0.009375 0.01171875
1 0.45625 0.159375 0.009375 0.0171875
1 0.4484375 0.125 0.009375 0.015625
1 0.4625 0.046875 0.0078125 0.01171875
1 0.4546875 0.03203125 0.01171875 0.009375
1 0.6078125 0.709375 0.009375 0.0140625
1 0.48125 0.5796875 0.009375 0.009375
1 0.509375 0.5921875 0.009375 0.009375
1 0.9625 0.5390625 0.01171875 0.01171875
1 0.965625 0.47578125 0.0078125 0.0078125
1 0.621875 0.2890625 0.0078125 0.009375
1 0.665625 0.6609375 0.009375 0.01171875
1 0.6796875 0.671875 0.0140625 0.01171875
1 0.721875 0.70625 0.01171875 0.009375