0 0.64375 0.7640625 0.03515625 0.04765625
0 0.7328125 0.37578125 0.02890625 0.0328125
0 0.6609375 0.59921875 0.0484375 0.065625
0 0.690625 0.62734375 0.0296875 0.040625
0 0.77109375 0.65703125 0.02421875 0.03515625
0 0.83125 0.66875 0.0296875 0.04296875
0 0.45703125 0.7578125 0.02890625 0.0359375
0 0.4703125 0.89375 0.02578125 0.034375
0 0.8140625 0.92421875 0.02578125 0.03515625
0 0.96015625 0.584375 0.02890625 0.03828125
0 0.39296875 0.678125 0.0484375 0.0671875
0 0.35625 0.72265625 0.05078125 0.07109375
0 0.29765625 0.81953125 0.02265625 0.03125
0 0.26015625 0.9078125 0.025 0.03125
0 0.2265625 0.91328125 0.03515625 0.04921875
0 0.209375 0.865625 0.0296875 0.040625
0 0.1734375 0.82265625 0.0328125 0.04609375
0 0.15078125 0.80859375 0.02421875 0.03515625
0 0.134375 0.76015625 0.0390625 0.0609375
0 0.80703125 0.43671875 0.02890625 0.0421875
0 0.83671875 0.428125 0.02734375 0.0421875
0 0.19296875 0.67734375 0.03046875 0.0453125
0 0.1421875 0.4515625 0.02890625 0.03671875
0 0.065625 0.359375 0.028125 0.03828125
0 0.734375 0.22578125 0.03203125 0.04375
0 0.77890625 0.1859375 0.028125 0.0390625
0 0.7578125 0.0890625 0.0265625 0.0390625
0 0.8234375 0.0921875 0.02734375 0.040625