1 0.08203125 0.89921875 0.01171875 0.009375
1 0.17265625 0.8359375 0.01171875 0.0140625
1 0.13359375 0.8359375 0.0140625 0.01171875
1 0.2265625 0.76953125 0.009375 0.009375
1 0.38125 0.6875 0.01171875 0.01171875
1 0.403125 0.66328125 0.0140625 0.0140625
1 0.48125 0.59765625 0.0140625 0.01171875
1 0.5578125 0.5453125 0.009375 0.009375
1 0.61328125 0.50859375 0.009375 0.0078125
1 0.84375 0.353125 0.009375 0.009375
1 0.85625 0.346875 0.009375 0.009375
1 0.9125 0.3109375 0.0140625 0.009375
1 0.95234375 0.284375 0.01171875 0.009375
1 0.1671875 0.80859375 0.009375 0.009375
1 0.79375 0.93125 0.01171875 0.0140625
1 0.421875 0.4265625 0.0078125 0.0078125
1 0.33203125 0.29296875 0.009375 0.01171875
1 0.4203125 0.4109375 0.0078125 0.0078125
1 0.21171875 0.071875 0.009375 0.009375
1 0.2390625 0.1953125 0.00625 0.0078125
1 0.4828125 0.5421875 0.01171875 0.01171875