0 0.62265625 0.35078125 0.0421875 0.0390625
0 0.61953125 0.30390625 0.04375 0.04140625
0 0.76953125 0.2171875 0.08125 0.07265625
0 0.6140625 0.21796875 0.04140625 0.04140625
0 0.78203125 0.2859375 0.0640625 0.0640625
0 0.78828125 0.3578125 0.06484375 0.06640625
0 0.6171875 0.26171875 0.04375 0.0453125
0 0.6265625 0.5109375 0.0390625 0.03984375
0 0.63046875 0.559375 0.0390625 0.0390625
0 0.6375 0.61484375 0.0390625 0.0375
0 0.640625 0.66875 0.04375 0.0390625
0 0.64375 0.72421875 0.05 0.04375
0 0.7890625 0.7 0.0578125 0.05
0 0.90078125 0.60859375 0.0375 0.04375
0 0.8109375 0.7734375 0.0578125 0.05234375
0 0.64921875 0.8546875 0.0421875 0.03515625
0 0.6515625 0.8984375 0.04375 0.0390625
0 0.65 0.94375 0.0390625 0.0390625
0 0.8828125 0.9546875 0.04609375 0.04140625
0 0.4390625 0.80234375 0.0421875 0.03984375
0 0.27578125 0.08046875 0.06640625 0.06875