0 0.140625 0.61171875 0.046875 0.06640625
0 0.85703125 0.29453125 0.034375 0.04296875
0 0.22890625 0.496875 0.04140625 0.05078125
0 0.31796875 0.54609375 0.04609375 0.05859375
0 0.3234375 0.60625 0.0421875 0.05390625
0 0.34296875 0.41875 0.040625 0.05859375
0 0.41328125 0.42578125 0.04296875 0.05703125
0 0.421875 0.5265625 0.03203125 0.040625
0 0.5875 0.653125 0.0375 0.053125
0 0.54921875 0.446875 0.03828125 0.0515625
0 0.7640625 0.6140625 0.0578125 0.071875
0 0.78203125 0.47578125 0.03203125 0.04296875
0 0.77421875 0.42421875 0.03359375 0.0453125
0 0.81484375 0.39609375 0.03984375 0.05859375
0 0.88359375 0.3984375 0.03671875 0.0484375
0 0.89140625 0.4421875 0.0328125 0.0453125
0 0.940625 0.40546875 0.0328125 0.04375