1 0.62890625 0.440625 0.0078125 0.00625
1 0.5203125 0.4671875 0.009375 0.00625
1 0.41796875 0.434375 0.009375 0.00625
1 0.403125 0.44140625 0.0078125 0.00390625
1 0.384375 0.4421875 0.0078125 0.00625
1 0.37109375 0.434375 0.0078125 0.00625
1 0.3515625 0.471875 0.0140625 0.0078125
1 0.29375 0.47578125 0.00625 0.00625
1 0.3375 0.54609375 0.00625 0.00625
1 0.33515625 0.52734375 0.00625 0.0078125
1 0.33984375 0.775 0.0078125 0.01171875
1 0.053125 0.08984375 0.009375 0.0078125
1 0.0390625 0.0546875 0.0078125 0.0078125
1 0.9734375 0.25078125 0.009375 0.009375
1 0.97734375 0.6734375 0.0078125 0.0078125
1 0.078125 0.1375 0.00625 0.0078125
1 0.97578125 0.3671875 0.0078125 0.009375
1 0.9734375 0.39765625 0.009375 0.01171875