1 0.9671875 0.00390625 0.00625 0.0078125
1 0.9234375 0.03828125 0.00625 0.00625
1 0.86328125 0.07734375 0.00625 0.00625
1 0.784375 0.1515625 0.0078125 0.00625
1 0.7671875 0.16484375 0.0078125 0.00625
1 0.9671875 0.0578125 0.00390625 0.009375
1 0.9125 0.1 0.00625 0.0078125
1 0.85546875 0.1734375 0.00625 0.00625
1 0.9328125 0.0984375 0.00625 0.009375
1 0.91875 0.12421875 0.00625 0.00625
1 0.871875 0.234375 0.00390625 0.0078125
1 0.69921875 0.315625 0.00625 0.00390625
1 0.55859375 0.3546875 0.0078125 0.0078125
1 0.4109375 0.40234375 0.009375 0.00390625
1 0.3421875 0.41328125 0.0078125 0.00625
1 0.07421875 0.371875 0.0078125 0.00625
1 0.0859375 0.36015625 0.0078125 0.00625
1 0.43359375 0.40546875 0.00625 0.00625
1 0.5109375 0.5234375 0.00625 0.00625
1 0.30625 0.7015625 0.0078125 0.0078125
1 0.29296875 0.7140625 0.00625 0.00625
1 0.21953125 0.78515625 0.0078125 0.00625
1 0.23828125 0.7875 0.00625 0.00390625
1 0.1046875 0.89453125 0.0078125 0.0078125
1 0.0390625 0.95234375 0.009375 0.00625
1 0.08203125 0.94609375 0.00625 0.00390625
1 0.05859375 0.96015625 0.0078125 0.00625
1 0.1796875 0.85625 0.0078125 0.00625
1 0.875 0.265625 0.00390625 0.0078125
1 0.81171875 0.52421875 0.00625 0.0078125
1 0.82109375 0.54296875 0.00625 0.0078125
1 0.7734375 0.7921875 0.00625 0.01171875
1 0.83125 0.1875 0.00625 0.00390625
1 0.8171875 0.56640625 0.00625 0.0078125
1 0.81328125 0.60078125 0.00625 0.009375
1 0.15546875 0.8765625 0.00625 0.00625
1 0.41484375 0.58671875 0.009375 0.009375
1 0.56640625 0.4890625 0.009375 0.009375
1 0.425 0.42109375 0.00625 0.00625