0 0.428125 0.2578125 0.0671875 0.06640625
0 0.22734375 0.296875 0.02734375 0.028125
0 0.6078125 0.28125 0.0578125 0.0578125
0 0.6671875 0.31484375 0.0671875 0.065625
0 0.3796875 0.153125 0.06796875 0.0671875
0 0.32265625 0.12109375 0.0625 0.06328125
0 0.22734375 0.06796875 0.06484375 0.06328125
0 0.153125 0.02734375 0.034375 0.034375
0 0.8109375 0.396875 0.06796875 0.065625
0 0.76328125 0.3671875 0.0390625 0.0390625
0 0.0234375 0.7453125 0.0328125 0.0328125
0 0.05078125 0.69921875 0.0328125 0.03359375
0 0.16484375 0.81171875 0.05 0.05078125
0 0.19765625 0.77265625 0.05234375 0.046875
0 0.2515625 0.94921875 0.04140625 0.040625
0 0.27578125 0.91015625 0.06484375 0.06328125
0 0.334375 0.8109375 0.0578125 0.0578125
0 0.42578125 0.69921875 0.06328125 0.06640625
0 0.51953125 0.7515625 0.06328125 0.065625
0 0.66328125 0.8296875 0.0609375 0.06171875
0 0.70859375 0.85859375 0.05859375 0.059375
0 0.89609375 0.96171875 0.0578125 0.05859375