1 0.82421875 0.58125 0.009375 0.00625
1 0.01953125 0.403125 0.0078125 0.00625
1 0.071875 0.42578125 0.0078125 0.00625
1 0.2609375 0.49921875 0.009375 0.00625
1 0.88984375 0.596875 0.01171875 0.00625
1 0.77421875 0.6 0.009375 0.00625
1 0.6640625 0.5953125 0.01171875 0.00625
1 0.20390625 0.50390625 0.0078125 0.00625
1 0.07109375 0.4515625 0.0140625 0.0078125
1 0.0265625 0.43125 0.009375 0.00625
1 0.6296875 0.60859375 0.021875 0.009375
1 0.43828125 0.57421875 0.025 0.01171875
1 0.840625 0.66796875 0.0078125 0.00625
1 0.51640625 0.5921875 0.0078125 0.00390625
1 0.9640625 0.6984375 0.021875 0.021875