0 0.43046875 0.14375 0.07421875 0.06875
0 0.1046875 0.4 0.0796875 0.07734375
0 0.21875 0.63828125 0.07265625 0.075
0 0.31171875 0.49453125 0.071875 0.07421875
0 0.43671875 0.54921875 0.06875 0.071875
0 0.2796875 0.6640625 0.065625 0.065625
0 0.56484375 0.78203125 0.0546875 0.0609375
0 0.61015625 0.728125 0.07265625 0.06796875
0 0.61328125 0.62265625 0.07421875 0.07109375
0 0.821875 0.84296875 0.07578125 0.07578125
0 0.8453125 0.76953125 0.078125 0.08203125
0 0.9484375 0.91171875 0.084375 0.078125
0 0.959375 0.72890625 0.0796875 0.07578125