0 0.16953125 0.05625 0.05 0.04375
0 0.23359375 0.215625 0.05234375 0.0546875
0 0.83828125 0.715625 0.05625 0.05625
0 0.396875 0.83671875 0.02890625 0.0328125
0 0.0953125 0.1953125 0.028125 0.0296875
0 0.63515625 0.8265625 0.0296875 0.0296875
0 0.67421875 0.859375 0.0296875 0.03125
0 0.9734375 0.9203125 0.03203125 0.03125
0 0.94609375 0.68359375 0.03671875 0.03671875
0 0.7421875 0.61328125 0.03828125 0.03828125
0 0.709375 0.4953125 0.02734375 0.02734375
0 0.6609375 0.484375 0.03125 0.0328125
0 0.6046875 0.50078125 0.028125 0.02734375
0 0.5765625 0.50859375 0.0296875 0.03125
0 0.5203125 0.42890625 0.0328125 0.02890625
0 0.3546875 0.09375 0.034375 0.03125