0 0.48125 0.0984375 0.05625 0.0578125
0 0.33828125 0.44296875 0.08125 0.08125
0 0.73046875 0.43203125 0.075 0.0734375
0 0.60234375 0.65234375 0.05234375 0.05
0 0.37890625 0.2140625 0.06015625 0.05859375
0 0.4546875 0.2484375 0.05234375 0.04609375
0 0.49140625 0.22421875 0.05 0.0484375
0 0.6640625 0.2328125 0.0546875 0.05
0 0.7140625 0.228125 0.05625 0.05234375
0 0.40234375 0.0484375 0.06015625 0.06015625
0 0.7421875 0.3390625 0.0421875 0.04140625
0 0.7578125 0.378125 0.05390625 0.05
0 0.6671875 0.53671875 0.04765625 0.0484375
0 0.0984375 0.7796875 0.0453125 0.04375
0 0.36484375 0.71640625 0.0484375 0.05
0 0.396875 0.8046875 0.0484375 0.0484375
0 0.80703125 0.8640625 0.05234375 0.05859375