0 0.18984375 0.503125 0.05 0.05078125
0 0.16875 0.653125 0.046875 0.0453125
0 0.03984375 0.83984375 0.04765625 0.04765625
0 0.05390625 0.878125 0.04296875 0.0421875
0 0.1578125 0.92265625 0.03828125 0.03984375
0 0.21640625 0.87421875 0.04609375 0.0453125
0 0.634375 0.64609375 0.06484375 0.065625
0 0.94765625 0.63828125 0.06171875 0.06328125
0 0.7921875 0.10234375 0.07578125 0.07578125
0 0.73203125 0.04765625 0.04296875 0.04296875
0 0.8671875 0.071875 0.05234375 0.05234375
0 0.8515625 0.16484375 0.04296875 0.0390625
0 0.8578125 0.23515625 0.04609375 0.04609375
0 0.8046875 0.2375 0.04375 0.04375
0 0.7953125 0.2703125 0.04765625 0.04765625
0 0.68515625 0.33046875 0.04765625 0.046875
0 0.440625 0.91640625 0.03671875 0.0328125
0 0.65546875 0.865625 0.0390625 0.03984375
0 0.678125 0.9359375 0.04296875 0.040625
0 0.89765625 0.721875 0.0390625 0.0421875
0 0.8453125 0.81484375 0.0421875 0.03984375
0 0.66640625 0.46484375 0.04921875 0.04765625
0 0.7265625 0.49140625 0.0390625 0.03984375
0 0.75625 0.47265625 0.034375 0.03828125
0 0.89375 0.4796875 0.03984375 0.0421875
0 0.9359375 0.475 0.04296875 0.0453125
0 0.9578125 0.56484375 0.034375 0.03671875
0 0.75078125 0.37265625 0.04609375 0.0453125
0 0.2859375 0.86640625 0.04375 0.04375
0 0.96875 0.59375 0.0421875 0.03828125