1 0.0296875 0.27265625 0.01171875 0.0078125
1 0.0453125 0.3328125 0.009375 0.009375
1 0.078125 0.5140625 0.009375 0.0078125
1 0.0515625 0.490625 0.0078125 0.009375
1 0.1328125 0.55625 0.0140625 0.00625
1 0.1484375 0.553125 0.015625 0.00625
1 0.15703125 0.54375 0.01171875 0.0078125
1 0.33515625 0.5171875 0.009375 0.0078125
1 0.35625 0.51171875 0.0078125 0.00625
1 0.38203125 0.50703125 0.01171875 0.00625
1 0.403125 0.50703125 0.0140625 0.0078125
1 0.43046875 0.5234375 0.0078125 0.0078125
1 0.4484375 0.5421875 0.0078125 0.00625
1 0.4671875 0.575 0.0078125 0.0078125
1 0.4890625 0.621875 0.0078125 0.00390625
1 0.4921875 0.628125 0.00625 0.00390625
1 0.51484375 0.65 0.0078125 0.0078125
1 0.53984375 0.671875 0.00625 0.0078125
1 0.50625 0.440625 0.009375 0.0078125
1 0.490625 0.4484375 0.01171875 0.0078125
1 0.53828125 0.45 0.0140625 0.0078125
1 0.6703125 0.41484375 0.0140625 0.009375
1 0.8203125 0.3703125 0.01171875 0.00625
1 0.63203125 0.79296875 0.01171875 0.009375
1 0.71171875 0.8859375 0.009375 0.009375
1 0.728125 0.91796875 0.0078125 0.0078125
1 0.7421875 0.93671875 0.0078125 0.0078125
1 0.7609375 0.95390625 0.0078125 0.0078125
1 0.7765625 0.978125 0.0078125 0.00625
1 0.625 0.77734375 0.009375 0.0078125
1 0.7171875 0.921875 0.009375 0.009375