1 0.13359375 0.209375 0.00625 0.009375
1 0.140625 0.21953125 0.00625 0.009375
1 0.11875 0.16875 0.0078125 0.01171875
1 0.13125 0.14921875 0.00625 0.0078125
1 0.115625 0.1265625 0.00625 0.009375
1 0.11875 0.08671875 0.0078125 0.01171875
1 0.00625 0.5421875 0.0078125 0.009375
1 0.0125 0.59453125 0.0078125 0.0140625
1 0.0171875 0.62109375 0.0078125 0.01171875
1 0.0328125 0.7078125 0.009375 0.015625
1 0.03828125 0.73125 0.0078125 0.009375
1 0.0609375 0.8171875 0.009375 0.015625
1 0.05625 0.8359375 0.0078125 0.009375
1 0.0609375 0.853125 0.00625 0.0078125
1 0.1890625 0.503125 0.0078125 0.009375
1 0.19609375 0.546875 0.009375 0.021875
1 0.21484375 0.71875 0.0078125 0.01171875
1 0.228125 0.75625 0.0078125 0.009375
1 0.24609375 0.875 0.0078125 0.01171875
1 0.2484375 0.91796875 0.0078125 0.009375
1 0.2859375 0.05625 0.009375 0.009375
1 0.30390625 0.14765625 0.00625 0.009375
1 0.365625 0.46875 0.00625 0.0078125
1 0.375 0.525 0.00625 0.009375
1 0.44140625 0.99296875 0.0078125 0.01171875
1 0.5046875 0.22265625 0.0078125 0.01171875
1 0.809375 0.940625 0.00625 0.0140625
1 0.80546875 0.9671875 0.00625 0.009375
1 0.525 0.4203125 0.0078125 0.01171875
1 0.878125 0.36015625 0.00625 0.0078125
1 0.7609375 0.21484375 0.0078125 0.00625
1 0.1703125 0.5625 0.0078125 0.0078125
1 0.2609375 0.53203125 0.0078125 0.00625
1 0.6078125 0.48828125 0.0078125 0.0078125
1 0.703125 0.471875 0.00625 0.00625
1 0.69609375 0.48046875 0.0078125 0.009375
1 0.92109375 0.675 0.01171875 0.0078125
1 0.903125 0.6859375 0.01171875 0.0078125
1 0.87109375 0.6953125 0.00625 0.00625
1 0.91484375 0.6890625 0.0078125 0.00625
1 0.9765625 0.66875 0.01171875 0.0078125
1 0.95234375 0.68359375 0.0140625 0.009375
1 0.61640625 0.7296875 0.009375 0.00390625
1 0.6171875 0.734375 0.0078125 0.00625
1 0.36328125 0.7734375 0.01171875 0.0078125
1 0.0640625 0.87109375 0.00625 0.0078125
1 0.07109375 0.88671875 0.0078125 0.01171875
1 0.790625 0.709375 0.0078125 0.0078125
1 0.93828125 0.928125 0.01171875 0.0078125
1 0.078125 0.92890625 0.0078125 0.0078125
1 0.61875 0.89375 0.00625 0.0078125
1 0.1296875 0.79765625 0.0078125 0.00625
1 0.971875 0.190625 0.009375 0.0078125
1 0.6140625 0.721875 0.01171875 0.0078125
1 0.2859375 0.01171875 0.0078125 0.009375
1 0.65703125 0.0515625 0.0078125 0.01171875
1 0.61640625 0.4796875 0.015625 0.0078125