0 0.39296875 0.31953125 0.0796875 0.0796875
0 0.5484375 0.546875 0.08515625 0.08125
0 0.1609375 0.0609375 0.0515625 0.05
0 0.2171875 0.14375 0.0453125 0.0453125
0 0.28359375 0.1421875 0.04375 0.04375
0 0.3265625 0.1203125 0.03984375 0.03984375
0 0.4046875 0.22734375 0.04375 0.04375
0 0.4203125 0.2640625 0.0515625 0.0453125
0 0.35625 0.3921875 0.05390625 0.05390625
0 0.2640625 0.3875 0.0390625 0.04140625
0 0.57890625 0.3421875 0.04609375 0.0453125
0 0.5671875 0.38203125 0.0515625 0.04609375
0 0.3125 0.634375 0.0546875 0.0515625
0 0.3953125 0.87734375 0.0546875 0.0515625
0 0.75390625 0.221875 0.05390625 0.05859375
0 0.5359375 0.6578125 0.0546875 0.0515625
0 0.0765625 0.31875 0.07265625 0.06640625