1 0.71796875 0.971875 0.0078125 0.0078125
1 0.6828125 0.72265625 0.0078125 0.009375
1 0.66015625 0.64453125 0.0078125 0.01171875
1 0.66796875 0.63125 0.0078125 0.01171875
1 0.61328125 0.2625 0.00625 0.0078125
1 0.603125 0.165625 0.0078125 0.009375
1 0.575 0.134375 0.0078125 0.01171875
1 0.57421875 0.025 0.0078125 0.009375
1 0.56640625 0.0328125 0.00625 0.0078125
1 0.62109375 0.053125 0.0078125 0.009375
1 0.615625 0.0765625 0.0078125 0.0078125
1 0.62109375 0.1453125 0.0078125 0.01171875
1 0.62890625 0.1375 0.00625 0.009375
1 0.63671875 0.140625 0.00625 0.0078125
1 0.6546875 0.203125 0.0078125 0.0078125
1 0.6484375 0.2109375 0.0078125 0.0078125
1 0.66015625 0.3234375 0.009375 0.009375
1 0.671875 0.30859375 0.00625 0.0078125
1 0.69140625 0.5171875 0.0078125 0.009375
1 0.7421875 0.86875 0.0078125 0.009375
1 0.7734375 0.99609375 0.0078125 0.0078125
1 0.71875 0.003125 0.00625 0.00625
1 0.73046875 0.0640625 0.009375 0.01171875
1 0.71875 0.1671875 0.0078125 0.0078125
1 0.7234375 0.15703125 0.0078125 0.0078125
1 0.8375 0.30390625 0.0078125 0.0078125
1 0.85234375 0.3 0.00625 0.009375
1 0.84765625 0.3078125 0.0078125 0.0078125
1 0.915625 0.34453125 0.00625 0.0078125
1 0.8953125 0.340625 0.0078125 0.0078125
1 0.95390625 0.371875 0.0078125 0.0078125
1 0.996875 0.3921875 0.00625 0.00625
1 0.7640625 0.65625 0.00625 0.0078125
1 0.98515625 0.49921875 0.0078125 0.0078125
1 0.94453125 0.503125 0.0078125 0.00625
1 0.74375 0.4296875 0.01171875 0.01171875
1 0.70234375 0.415625 0.0078125 0.0078125
1 0.97734375 0.5921875 0.0078125 0.0078125
1 0.9578125 0.5484375 0.0078125 0.009375
1 0.8875 0.5171875 0.009375 0.0078125
1 0.746875 0.64140625 0.0078125 0.00625
1 0.0546875 0.0375 0.00625 0.00625
1 0.0609375 0.04296875 0.00625 0.00625
1 0.35 0.50625 0.009375 0.00625
1 0.44921875 0.484375 0.0140625 0.0078125
1 0.44921875 0.4921875 0.00625 0.0078125
1 0.5765625 0.465625 0.00625 0.00625
1 0.85 0.4296875 0.009375 0.009375
1 0.66015625 0.37421875 0.0078125 0.0078125
1 0.509375 0.21015625 0.0078125 0.0078125
1 0.478125 0.1421875 0.0078125 0.009375
1 0.484375 0.728125 0.0078125 0.0078125
1 0.571875 0.478125 0.00625 0.0078125
1 0.3078125 0.525 0.00625 0.0078125
1 0.29609375 0.4609375 0.00625 0.0078125
1 0.28984375 0.43359375 0.0078125 0.009375
1 0.284375 0.40234375 0.0078125 0.009375
1 0.28046875 0.378125 0.00625 0.0078125
1 0.278125 0.35625 0.00625 0.0078125
1 0.22578125 0.0609375 0.00625 0.009375
1 0.3765625 0.00859375 0.00625 0.00625
1 0.2921875 0.3734375 0.00625 0.0078125
1 0.115625 0.69375 0.00625 0.009375
1 0.2390625 0.06640625 0.00625 0.00625
1 0.29765625 0.01953125 0.0078125 0.00625
1 0.84375 0.91484375 0.009375 0.0078125
1 0.50703125 0.76875 0.0078125 0.0078125
1 0.321875 0.61796875 0.0078125 0.0078125
1 0.24921875 0.2 0.0078125 0.0078125
1 0.21015625 0.9609375 0.00625 0.009375
1 0.934375 0.99609375 0.0078125 0.0078125