0 0.68671875 0.571875 0.0984375 0.1015625
0 0.45703125 0.03828125 0.06015625 0.06171875
0 0.49453125 0.08203125 0.06640625 0.06796875
0 0.50078125 0.190625 0.071875 0.071875
0 0.41015625 0.24453125 0.0703125 0.06796875
0 0.3265625 0.2515625 0.071875 0.071875
0 0.3515625 0.44921875 0.06484375 0.0703125
0 0.22890625 0.53515625 0.0765625 0.0765625
0 0.5546875 0.57421875 0.06015625 0.06328125
0 0.61484375 0.5625 0.05859375 0.06640625
0 0.91171875 0.30234375 0.06015625 0.06015625
0 0.66640625 0.7578125 0.06640625 0.06484375
0 0.63203125 0.8171875 0.06328125 0.06484375
0 0.59296875 0.91171875 0.0703125 0.0703125
0 0.56328125 0.95 0.0546875 0.05859375
0 0.37578125 0.82734375 0.0453125 0.0546875
0 0.32265625 0.87265625 0.071875 0.0734375
0 0.4125 0.925 0.0703125 0.06796875
0 0.6484375 0.70703125 0.0546875 0.0515625