1 0.53984375 0.3609375 0.0078125 0.00625
1 0.3703125 0.8484375 0.009375 0.01171875
1 0.50390625 0.43359375 0.009375 0.0078125
1 0.53828125 0.41484375 0.01171875 0.009375
1 0.3984375 0.059375 0.00625 0.0078125
1 0.090625 0.109375 0.009375 0.0078125
1 0.7671875 0.59765625 0.009375 0.009375
1 0.7953125 0.60546875 0.009375 0.0078125
1 0.8671875 0.646875 0.009375 0.0078125
1 0.14921875 0.23828125 0.0078125 0.0078125
1 0.8484375 0.60234375 0.0140625 0.0078125
1 0.8921875 0.6203125 0.01171875 0.009375
1 0.68828125 0.56171875 0.01171875 0.00625
1 0.60546875 0.703125 0.0140625 0.009375
1 0.39765625 0.3140625 0.0078125 0.01171875
1 0.55625 0.4671875 0.01171875 0.0078125
1 0.615625 0.51953125 0.01171875 0.0078125
1 0.8609375 0.6859375 0.01171875 0.0078125
1 0.84453125 0.7 0.009375 0.00625
1 0.73046875 0.62890625 0.01171875 0.0078125
1 0.35625 0.78515625 0.009375 0.0140625
1 0.3578125 0.821875 0.0078125 0.0078125
1 0.38671875 0.6859375 0.0078125 0.01171875
1 0.384375 0.6546875 0.0078125 0.0140625
1 0.46015625 0.66328125 0.00625 0.01171875
1 0.47578125 0.6109375 0.0078125 0.009375
1 0.29765625 0.40234375 0.009375 0.009375
1 0.48359375 0.528125 0.00625 0.01171875
1 0.47578125 0.5046875 0.0078125 0.0078125
1 0.36328125 0.3625 0.01171875 0.0078125
1 0.34765625 0.3625 0.0078125 0.00625
1 0.38671875 0.34375 0.01171875 0.009375
1 0.36796875 0.3234375 0.0078125 0.00625
1 0.4109375 0.346875 0.0078125 0.00625
1 0.27421875 0.259375 0.009375 0.009375
1 0.253125 0.30859375 0.0078125 0.00625
1 0.2 0.2765625 0.01171875 0.009375
1 0.2234375 0.2390625 0.0078125 0.00625
1 0.20625 0.2375 0.009375 0.00625
1 0.228125 0.23359375 0.009375 0.00625
1 0.1140625 0.18359375 0.0140625 0.009375
1 0.109375 0.15546875 0.01171875 0.009375
1 0.07734375 0.16328125 0.0078125 0.0078125
1 0.715625 0.6828125 0.015625 0.0078125
1 0.60859375 0.56875 0.0078125 0.00625
1 0.465625 0.4515625 0.00625 0.009375
1 0.35078125 0.49375 0.009375 0.0140625
1 0.67578125 0.75078125 0.01171875 0.00625
1 0.0625 0.1453125 0.009375 0.00625
1 0.26484375 0.4671875 0.01171875 0.009375
1 0.05625 0.34453125 0.009375 0.009375
1 0.07890625 0.62109375 0.009375 0.009375
1 0.06171875 0.6625 0.0078125 0.009375
1 0.0390625 0.696875 0.0078125 0.00625
1 0.27265625 0.75078125 0.0078125 0.0078125
1 0.1875 0.4640625 0.0078125 0.0078125
1 0.01875 0.1203125 0.01171875 0.0078125
1 0.00625 0.3015625 0.0078125 0.00625
1 0.48828125 0.640625 0.009375 0.00625
1 0.45390625 0.8421875 0.00625 0.00625
1 0.19921875 0.446875 0.00625 0.0078125
1 0.465625 0.8484375 0.009375 0.0078125
1 0.4765625 0.5796875 0.00625 0.009375
1 0.64765625 0.6828125 0.0140625 0.00625
1 0.2015625 0.384375 0.0078125 0.01171875
1 0.209375 0.37109375 0.0078125 0.009375
1 0.2171875 0.3578125 0.0078125 0.0078125
1 0.86015625 0.5671875 0.009375 0.0078125
1 0.09296875 0.58125 0.01171875 0.0140625
1 0.0765625 0.5984375 0.01171875 0.0078125
1 0.228125 0.41875 0.009375 0.009375
1 0.07421875 0.63984375 0.009375 0.0078125
1 0.665625 0.553125 0.0140625 0.01171875
1 0.703125 0.5390625 0.015625 0.009375
1 0.7890625 0.5515625 0.01171875 0.00625
1 0.28828125 0.190625 0.0078125 0.009375
1 0.1 0.22578125 0.01171875 0.01171875
1 0.3359375 0.50390625 0.00625 0.00625
1 0.0171875 0.70703125 0.0078125 0.009375
1 0.49375 0.33203125 0.0296875 0.025
1 0.4703125 0.6515625 0.00625 0.0078125
1 0.2875 0.984375 0.0078125 0.0078125
1 0.0375 0.18828125 0.0078125 0.0078125
1 0.4375 0.36328125 0.0078125 0.01171875
1 0.6921875 0.95703125 0.009375 0.01171875