1 0.859375 0.9734375 0.015625 0.01171875
1 0.778125 0.925 0.0140625 0.01171875
1 0.86796875 0.9375 0.01171875 0.0078125
1 0.78125 0.884375 0.0140625 0.009375
1 0.03984375 0.48046875 0.00625 0.01171875
1 0.015625 0.9515625 0.0140625 0.00625
1 0.14453125 0.925 0.01171875 0.009375
1 0.19375 0.890625 0.0078125 0.0078125
1 0.8484375 0.359375 0.00625 0.0140625
1 0.98125 0.3390625 0.0078125 0.0140625
1 0.9921875 0.33984375 0.009375 0.01171875
1 0.8125 0.0375 0.0078125 0.01171875
1 0.57421875 0.1203125 0.0078125 0.01171875
1 0.2734375 0.80625 0.009375 0.009375
1 0.98125 0.91875 0.0078125 0.01171875
1 0.834375 0.603125 0.009375 0.00625
1 0.9796875 0.5953125 0.009375 0.00625
1 0.94609375 0.78515625 0.009375 0.021875
1 0.96796875 0.83125 0.00625 0.009375
1 0.96171875 0.7953125 0.00625 0.009375
1 0.015625 0.0484375 0.00625 0.0078125
1 0.03515625 0.10859375 0.01171875 0.0078125
1 0.93125 0.95703125 0.01171875 0.009375
1 0.93125 0.915625 0.009375 0.009375
1 0.92890625 0.88359375 0.00625 0.009375
1 0.85546875 0.378125 0.0078125 0.0140625
1 0.8515625 0.3234375 0.00625 0.0078125
1 0.8625 0.48046875 0.0078125 0.009375
1 0.725 0.540625 0.0078125 0.00625
1 0.95234375 0.9171875 0.00625 0.009375
1 0.9625 0.97734375 0.0078125 0.01171875
1 0.95703125 0.9453125 0.00625 0.01171875
1 0.2078125 0.55390625 0.009375 0.0078125
1 0.28203125 0.603125 0.0078125 0.00625
1 0.275 0.5890625 0.0078125 0.00625
1 0.34375 0.63984375 0.0078125 0.00625
1 0.3546875 0.6375 0.0078125 0.00625
1 0.3828125 0.66328125 0.009375 0.0078125
1 0.3984375 0.6625 0.009375 0.0078125
1 0.46484375 0.70390625 0.0078125 0.0078125
1 0.6375 0.8109375 0.009375 0.0078125
1 0.109375 0.140625 0.009375 0.00625
1 0.196875 0.12421875 0.009375 0.0078125
1 0.5125 0.1359375 0.0078125 0.00625
1 0.55 0.134375 0.009375 0.00625
1 0.05390625 0.14765625 0.0078125 0.00625