1 0.015625 0.31171875 0.009375 0.009375
1 0.04609375 0.3390625 0.009375 0.0078125
1 0.04296875 0.3625 0.0078125 0.0078125
1 0.0734375 0.35625 0.009375 0.0078125
1 0.00703125 0.3984375 0.01171875 0.0078125
1 0.053125 0.403125 0.0234375 0.01171875
1 0.053125 0.4109375 0.009375 0.0078125
1 0.08671875 0.421875 0.01953125 0.015625
1 0.1171875 0.41328125 0.01171875 0.01171875
1 0.1390625 0.434375 0.0140625 0.0078125
1 0.17265625 0.39375 0.01171875 0.0078125
1 0.22578125 0.46171875 0.021875 0.01171875
1 0.284375 0.4765625 0.0140625 0.009375
1 0.32734375 0.45703125 0.01171875 0.009375
1 0.278125 0.43671875 0.01171875 0.009375
1 0.4578125 0.52421875 0.01171875 0.0078125
1 0.465625 0.509375 0.009375 0.0078125
1 0.3203125 0.5109375 0.0171875 0.01171875
1 0.4859375 0.584375 0.0140625 0.01171875
1 0.5359375 0.6046875 0.0140625 0.01171875
1 0.5515625 0.5625 0.0140625 0.01171875
1 0.55546875 0.58203125 0.0140625 0.0140625
1 0.5984375 0.61796875 0.0140625 0.009375
1 0.61875 0.6609375 0.01171875 0.009375
1 0.6703125 0.6484375 0.0140625 0.01171875
1 0.6859375 0.70234375 0.0140625 0.009375
1 0.8203125 0.74140625 0.0140625 0.009375
1 0.83984375 0.734375 0.009375 0.009375
1 0.88671875 0.76171875 0.01171875 0.009375
1 0.9078125 0.78125 0.01171875 0.009375
1 0.9375 0.79375 0.01171875 0.01171875
1 0.95625 0.8703125 0.01171875 0.009375
1 0.91484375 0.79765625 0.0140625 0.009375
1 0.9953125 0.83515625 0.009375 0.0078125
1 0.97734375 0.8140625 0.01171875 0.00625
1 0.93359375 0.86796875 0.0140625 0.009375
1 0.78203125 0.8109375 0.015625 0.0171875
1 0.8125 0.8375 0.015625 0.01171875
1 0.52421875 0.6203125 0.01953125 0.015625
1 0.45390625 0.0046875 0.009375 0.009375
1 0.4578125 0.0671875 0.009375 0.01171875
1 0.46015625 0.1390625 0.009375 0.01171875
1 0.4625 0.21953125 0.009375 0.01953125
1 0.49296875 0.30546875 0.009375 0.0140625
1 0.56328125 0.2484375 0.0078125 0.009375
1 0.55 0.2546875 0.0078125 0.009375
1 0.5375 0.3109375 0.009375 0.0140625
1 0.51484375 0.396875 0.009375 0.01171875
1 0.5046875 0.4109375 0.009375 0.01171875
1 0.55 0.0984375 0.01171875 0.0171875
1 0.55625 0.075 0.01171875 0.01171875
1 0.64453125 0.49375 0.01171875 0.0140625
1 0.95 0.7046875 0.01171875 0.01171875
1 0.86015625 0.60625 0.01171875 0.0140625
1 0.83203125 0.5546875 0.009375 0.01171875
1 0.79375 0.50859375 0.009375 0.01171875
1 0.77265625 0.47578125 0.01171875 0.0140625
1 0.76484375 0.7671875 0.0140625 0.015625
1 0.66796875 0.559375 0.00625 0.0078125
1 0.62421875 0.409375 0.009375 0.009375
1 0.96015625 0.996875 0.0140625 0.00625
1 0.49296875 0.09296875 0.009375 0.0140625
1 0.4265625 0.32109375 0.01171875 0.0140625
1 0.6015625 0.71953125 0.009375 0.0140625
1 0.5828125 0.8265625 0.0078125 0.0078125
1 0.33515625 0.6171875 0.01171875 0.009375
1 0.20703125 0.4421875 0.01953125 0.01171875
1 0.7140625 0.03125 0.009375 0.0078125
1 0.61328125 0.4140625 0.015625 0.03515625
1 0.48125 0.0828125 0.0140625 0.046875