1 0.28828125 0.0484375 0.00625 0.00625
1 0.3578125 0.01484375 0.0078125 0.0078125
1 0.4203125 0.0640625 0.009375 0.009375
1 0.46953125 0.10625 0.0078125 0.0078125
1 0.5125 0.12578125 0.0078125 0.0078125
1 0.5484375 0.125 0.0078125 0.0078125
1 0.53984375 0.075 0.0078125 0.00625
1 0.5921875 0.115625 0.0078125 0.0078125
1 0.71796875 0.09453125 0.0078125 0.0078125
1 0.76875 0.090625 0.0078125 0.0078125
1 0.87421875 0.0921875 0.0078125 0.0078125
1 0.971875 0.1109375 0.0078125 0.0078125
1 0.996875 0.10859375 0.00625 0.00625
1 0.4 0.2375 0.00625 0.00625
1 0.4328125 0.27734375 0.009375 0.0140625
1 0.475 0.3515625 0.0078125 0.0078125
1 0.7015625 0.6265625 0.015625 0.015625
1 0.85546875 0.728125 0.0078125 0.0078125
1 0.93046875 0.7921875 0.0078125 0.0078125
1 0.8359375 0.76875 0.0078125 0.0078125
1 0.7640625 0.72265625 0.009375 0.009375
1 0.703125 0.66484375 0.0078125 0.0078125
1 0.68125 0.6578125 0.0078125 0.0078125
1 0.67265625 0.63984375 0.0078125 0.0078125
1 0.64375 0.6234375 0.0078125 0.0078125
1 0.6359375 0.60234375 0.0078125 0.0078125
1 0.60859375 0.5875 0.0078125 0.0078125
1 0.58125 0.546875 0.0078125 0.0078125
1 0.49375 0.4296875 0.00625 0.00625
1 0.4390625 0.34765625 0.0078125 0.0078125
1 0.425 0.3328125 0.0078125 0.0078125
1 0.33203125 0.1625 0.0078125 0.0078125
1 0.325 0.171875 0.0078125 0.0078125
1 0.26484375 0.053125 0.0078125 0.0078125
1 0.49375 0.44453125 0.009375 0.009375
1 0.3109375 0.1359375 0.0078125 0.0078125
1 0.8609375 0.89765625 0.0078125 0.0078125
1 0.83671875 0.8734375 0.0078125 0.0078125
1 0.9609375 0.996875 0.0078125 0.00625
1 0.5734375 0.6375 0.0078125 0.0078125
1 0.5484375 0.61015625 0.0078125 0.0078125
1 0.5140625 0.5640625 0.0078125 0.0078125
1 0.0265625 0.159375 0.009375 0.009375
1 0.990625 0.1328125 0.0078125 0.0078125
1 0.89375 0.1171875 0.0078125 0.0078125
1 0.6609375 0.1390625 0.0078125 0.0078125
1 0.59375 0.14453125 0.009375 0.009375
1 0.5 0.8015625 0.0078125 0.0078125
1 0.5046875 0.6921875 0.0078125 0.0078125
1 0.3984375 0.903125 0.0078125 0.0078125
1 0.45234375 0.5 0.0078125 0.0078125
1 0.34765625 0.38671875 0.0078125 0.0078125
1 0.39921875 0.45625 0.0078125 0.0078125
1 0.496875 0.17890625 0.0078125 0.0078125
1 0.5265625 0.1875 0.0078125 0.0078125
1 0.30859375 0.8046875 0.0078125 0.0078125
1 0.184375 0.2265625 0.0078125 0.0078125
1 0.11328125 0.21171875 0.0078125 0.0078125
1 0.2265625 0.1265625 0.0078125 0.0078125
1 0.74609375 0.35 0.0078125 0.0078125
1 0.80625 0.34453125 0.0078125 0.0078125
1 0.9234375 0.3890625 0.0078125 0.0078125
1 0.8171875 0.3 0.0078125 0.0078125
1 0.97265625 0.38984375 0.0078125 0.0078125
1 0.7328125 0.30390625 0.0078125 0.0078125
1 0.86796875 0.3796875 0.0078125 0.0078125
1 0.78828125 0.29609375 0.00625 0.00625
1 0.921875 0.89765625 0.0078125 0.0078125
1 0.5296875 0.646875 0.0078125 0.0078125