0 0.02265625 0.0296875 0.0390625 0.05390625
0 0.0328125 0.0875 0.04140625 0.0625
0 0.03828125 0.146875 0.03359375 0.05
0 0.04609375 0.20859375 0.04453125 0.0640625
0 0.046875 0.265625 0.0265625 0.0390625
0 0.06171875 0.37421875 0.0390625 0.05703125
0 0.065625 0.43359375 0.03515625 0.059375
0 0.0625 0.4984375 0.0359375 0.05859375
0 0.82890625 0.3375 0.04609375 0.05703125
0 0.80625 0.23359375 0.0484375 0.06796875
0 0.91953125 0.190625 0.03671875 0.05859375
0 0.80390625 0.55703125 0.0515625 0.071875
0 0.48984375 0.5421875 0.0546875 0.0625