0 0.95625 0.4578125 0.021875 0.01875
0 0.97734375 0.48515625 0.0203125 0.01875
0 0.925 0.04921875 0.034375 0.0265625
0 0.9046875 0.54453125 0.0234375 0.01875
0 0.9140625 0.58046875 0.03125 0.021875
0 0.91484375 0.70625 0.028125 0.0265625
0 0.9046875 0.73984375 0.0234375 0.0234375
0 0.884375 0.80234375 0.0203125 0.0171875
0 0.971875 0.80546875 0.0234375 0.0265625
0 0.99609375 0.80625 0.0078125 0.0234375
0 0.946875 0.08203125 0.0328125 0.028125
0 0.9109375 0.84296875 0.0171875 0.0234375
0 0.8203125 0.8796875 0.025 0.028125
0 0.759375 0.91640625 0.015625 0.021875
0 0.7265625 0.92421875 0.0171875 0.0234375
0 0.6390625 0.928125 0.0171875 0.0234375
0 0.92109375 0.10703125 0.034375 0.0265625
0 0.071875 0.1125 0.0265625 0.0296875
0 0.14375 0.11796875 0.03125 0.028125
0 0.140625 0.1515625 0.0265625 0.0265625
0 0.90078125 0.175 0.034375 0.0296875
0 0.93828125 0.01875 0.034375 0.0234375
0 0.14296875 0.1890625 0.034375 0.0296875
0 0.85703125 0.22734375 0.0265625 0.021875
0 0.41328125 0.24453125 0.021875 0.025
0 0.2921875 0.2515625 0.01875 0.021875
0 0.34375 0.25390625 0.05 0.059375
0 0.8359375 0.25625 0.0203125 0.0234375
0 0.8125 0.28203125 0.021875 0.0296875
0 0.78203125 0.2859375 0.0234375 0.03125
0 0.71484375 0.2890625 0.0234375 0.03125
0 0.746875 0.29296875 0.028125 0.028125
0 0.65 0.29375 0.0265625 0.028125
0 0.9203125 0.29453125 0.0203125 0.0234375
0 0.68125 0.3171875 0.0265625 0.034375
0 0.140625 0.03203125 0.0375 0.028125