0 0.54921875 0.39765625 0.0515625 0.05
0 0.91953125 0.41328125 0.0515625 0.05
0 0.64921875 0.459375 0.05 0.05
0 0.93125 0.59921875 0.05 0.0515625
0 0.9875 0.64375 0.025 0.0421875
0 0.121875 0.134375 0.0390625 0.053125
0 0.171875 0.15546875 0.0234375 0.028125
0 0.25546875 0.2109375 0.021875 0.028125
0 0.2921875 0.2109375 0.0125 0.0140625
0 0.29296875 0.225 0.0140625 0.0140625
0 0.3078125 0.225 0.015625 0.021875
0 0.2796875 0.2328125 0.0140625 0.0140625
0 0.659375 0.2359375 0.028125 0.0234375
0 0.75 0.25 0.028125 0.021875
0 0.32109375 0.2578125 0.0125 0.0140625
0 0.3515625 0.259375 0.0203125 0.021875
0 0.375 0.2796875 0.0234375 0.028125
0 0.4265625 0.2859375 0.0109375 0.0140625
0 0.415625 0.29609375 0.0125 0.015625
0 0.42890625 0.296875 0.0125 0.015625
0 0.98125 0.3015625 0.0375 0.05
0 0.40625 0.3140625 0.015625 0.01875
0 0.41953125 0.31484375 0.0125 0.0125
0 0.69921875 0.33359375 0.028125 0.025
0 0.4875 0.3359375 0.0171875 0.021875
0 0.50625 0.3453125 0.0125 0.015625
0 0.51953125 0.35 0.0125 0.0140625
0 0.475 0.35625 0.0171875 0.0203125
0 0.9546875 0.35703125 0.0484375 0.0484375
0 0.50546875 0.36171875 0.0109375 0.0109375
0 0.50078125 0.3828125 0.015625 0.01875