1 0.1046875 0.0859375 0.00625 0.00390625
1 0.1421875 0.06484375 0.00390625 0.003125
1 0.0828125 0.10625 0.00703125 0.00625
1 0.09375 0.1125 0.00625 0.00625
1 0.07421875 0.121875 0.00625 0.00625
1 0.43046875 0.02734375 0.00390625 0.00625
1 0.446875 0.06328125 0.0046875 0.0078125
1 0.42890625 0.12578125 0.0046875 0.0078125
1 0.39296875 0.184375 0.0046875 0.0046875
1 0.371875 0.403125 0.00390625 0.00703125
1 0.38125 0.44765625 0.00390625 0.0046875
1 0.4078125 0.490625 0.00390625 0.00625
1 0.40703125 0.51796875 0.003125 0.0046875
1 0.390625 0.55546875 0.00390625 0.0078125
1 0.396875 0.59453125 0.0046875 0.00859375
1 0.40078125 0.6359375 0.003125 0.0046875
1 0.43125 0.6359375 0.00390625 0.00703125
1 0.4203125 0.7015625 0.00390625 0.00390625
1 0.5109375 0.9390625 0.00390625 0.0078125
1 0.4796875 0.91484375 0.00390625 0.0078125
1 0.990625 0.9390625 0.00390625 0.00390625
1 0.97109375 0.94453125 0.0046875 0.003125
1 0.9765625 0.946875 0.00390625 0.00390625
1 0.9484375 0.9578125 0.00390625 0.00390625
1 0.9546875 0.95859375 0.00390625 0.0046875
1 0.97265625 0.9671875 0.00625 0.00390625
1 0.9703125 0.97109375 0.00390625 0.0046875
1 0.91875 0.975 0.00625 0.00390625
1 0.9078125 0.97734375 0.00625 0.0046875
1 0.8984375 0.9828125 0.00625 0.00390625
1 0.68125 0.38359375 0.00625 0.00390625
1 0.7390625 0.028125 0.0078125 0.00625
1 0.721875 0.021875 0.00625 0.00390625
1 0.71171875 0.02109375 0.00625 0.0046875
1 0.78984375 0.0515625 0.00625 0.0046875
1 0.44453125 0.084375 0.00390625 0.00390625
1 0.7921875 0.20234375 0.0046875 0.0046875
1 0.81171875 0.225 0.0046875 0.003125
1 0.93046875 0.27421875 0.00703125 0.00625