1 0.009375 0.4578125 0.0046875 0.00390625
1 0.04765625 0.471875 0.0078125 0.0046875
1 0.10390625 0.4953125 0.00703125 0.0046875
1 0.12734375 0.503125 0.0046875 0.00390625
1 0.22421875 0.52578125 0.0046875 0.00703125
1 0.246875 0.540625 0.00625 0.0046875
1 0.2765625 0.55 0.00625 0.00390625
1 0.2546875 0.5546875 0.00390625 0.00390625
1 0.2671875 0.559375 0.00390625 0.003125
1 0.28984375 0.5703125 0.00390625 0.00390625
1 0.3078125 0.58125 0.003125 0.00390625
1 0.31953125 0.5890625 0.00625 0.00390625
1 0.41171875 0.95546875 0.0046875 0.00703125
1 0.0984375 0.46953125 0.0046875 0.00390625
1 0.10859375 0.4734375 0.0046875 0.003125
1 0.153125 0.484375 0.0046875 0.00625
1 0.2828125 0.5125 0.00390625 0.00625
1 0.28515625 0.50625 0.00390625 0.00625
1 0.29375 0.509375 0.00625 0.0046875
1 0.30625 0.50625 0.00703125 0.00390625
1 0.3328125 0.521875 0.0046875 0.00390625
1 0.3375 0.55234375 0.0046875 0.0046875
1 0.36171875 0.56015625 0.0046875 0.0046875
1 0.38828125 0.5640625 0.00703125 0.00625
1 0.56953125 0.30859375 0.0046875 0.00625
1 0.590625 0.2796875 0.00390625 0.00703125
1 0.61875 0.18046875 0.0046875 0.0078125
1 0.6921875 0.1046875 0.00390625 0.00625
1 0.67734375 0.20859375 0.0046875 0.00703125
1 0.659375 0.31640625 0.00390625 0.00390625
1 0.6515625 0.35546875 0.0046875 0.00625
1 0.60625 0.56875 0.0046875 0.0078125
1 0.58671875 0.63203125 0.00625 0.00703125
1 0.56328125 0.69453125 0.00390625 0.0046875
1 0.53828125 0.73203125 0.0046875 0.00703125
1 0.51875 0.83828125 0.0046875 0.0046875
1 0.253125 0.50703125 0.003125 0.0015625
1 0.31484375 0.54609375 0.0046875 0.003125
1 0.54765625 0.3921875 0.00703125 0.00625
1 0.503125 0.54375 0.0046875 0.0078125
1 0.48125 0.67890625 0.00390625 0.00703125
1 0.45703125 0.7953125 0.00390625 0.00703125
1 0.459375 0.846875 0.00390625 0.00703125
1 0.5203125 0.815625 0.00390625 0.00625
1 0.546875 0.67421875 0.00390625 0.00703125
1 0.52578125 0.59375 0.0046875 0.0078125
1 0.59296875 0.26640625 0.00390625 0.0046875
1 0.6765625 0.18671875 0.00390625 0.0046875
1 0.68359375 0.17109375 0.00390625 0.00625