1 0.90390625 0.83125 0.0046875 0.00625
1 0.884375 0.76875 0.0046875 0.00703125
1 0.8640625 0.71796875 0.0109375 0.01171875
1 0.8484375 0.69453125 0.00703125 0.00625
1 0.83515625 0.6796875 0.0046875 0.00625
1 0.82265625 0.66875 0.0046875 0.00625
1 0.79609375 0.64921875 0.00703125 0.00625
1 0.70625 0.596875 0.00625 0.00703125
1 0.5578125 0.60546875 0.00625 0.00625
1 0.5421875 0.61640625 0.0046875 0.00625
1 0.5015625 0.64375 0.00625 0.00703125
1 0.49609375 0.6421875 0.00390625 0.00703125
1 0.4734375 0.68046875 0.0046875 0.00703125
1 0.434375 0.73359375 0.00703125 0.00703125
1 0.3796875 0.815625 0.00390625 0.00703125
1 0.365625 0.83203125 0.015625 0.025
1 0.3078125 0.92421875 0.0046875 0.00703125
1 0.2765625 0.9734375 0.0046875 0.00390625
1 0.29140625 0.959375 0.0046875 0.00390625
1 0.2890625 0.93515625 0.00390625 0.0046875
1 0.31796875 0.909375 0.003125 0.0046875
1 0.32890625 0.871875 0.0046875 0.00625
1 0.35390625 0.8375 0.0046875 0.00625
1 0.3953125 0.8390625 0.00625 0.00625
1 0.43828125 0.7796875 0.00625 0.00703125
1 0.484375 0.64296875 0.00625 0.00703125
1 0.5953125 0.5375 0.01171875 0.01171875
1 0.59921875 0.55625 0.0046875 0.0046875
1 0.62578125 0.53984375 0.009375 0.00703125
1 0.64453125 0.50546875 0.021875 0.01484375
1 0.6671875 0.49921875 0.00703125 0.00390625
1 0.7234375 0.4671875 0.00703125 0.0046875
1 0.746875 0.4578125 0.00625 0.0046875
1 0.7625 0.45078125 0.00703125 0.0046875
1 0.77890625 0.43984375 0.0046875 0.0046875
1 0.8015625 0.4296875 0.0046875 0.00390625
1 0.8234375 0.41484375 0.0046875 0.00625
1 0.83828125 0.4109375 0.0046875 0.00703125
1 0.94453125 0.3640625 0.00390625 0.0046875
1 0.90625 0.36796875 0.00625 0.00390625
1 0.9171875 0.3546875 0.00625 0.00703125
1 0.9390625 0.3828125 0.00625 0.00390625
1 0.828125 0.4390625 0.00625 0.00625
1 0.8375 0.4421875 0.00703125 0.00703125
1 0.84296875 0.284375 0.00625 0.00703125
1 0.78984375 0.33671875 0.0046875 0.00703125
1 0.7671875 0.353125 0.00625 0.00625
1 0.73515625 0.03046875 0.0046875 0.00703125
1 0.7390625 0.05625 0.0046875 0.00625
1 0.7421875 0.103125 0.00625 0.00703125
1 0.74296875 0.0765625 0.0046875 0.0046875
1 0.7640625 0.09765625 0.0046875 0.00625
1 0.7203125 0.58515625 0.00625 0.00390625
1 0.82578125 0.4953125 0.0046875 0.00625
1 0.8328125 0.5234375 0.00390625 0.00625
1 0.846875 0.51015625 0.00390625 0.0046875
1 0.84375 0.58828125 0.00390625 0.00703125
1 0.91328125 0.71796875 0.00625 0.0140625
1 0.909375 0.75078125 0.0046875 0.00625
1 0.8609375 0.55390625 0.00390625 0.0015625
1 0.79375 0.46015625 0.00703125 0.00390625
1 0.578125 0.49140625 0.00390625 0.003125
1 0.46796875 0.853125 0.00625 0.00625