1 0.37265625 0.95078125 0.00859375 0.00703125
1 0.53984375 0.8703125 0.0078125 0.00703125
1 0.584375 0.853125 0.0078125 0.00703125
1 0.57578125 0.85 0.00703125 0.0078125
1 0.82890625 0.725 0.0078125 0.00703125
1 0.8921875 0.7078125 0.00859375 0.00703125
1 0.91171875 0.69609375 0.00859375 0.00703125
1 0.9625 0.640625 0.0078125 0.00625
1 0.93828125 0.6484375 0.0078125 0.00625
1 0.9171875 0.65546875 0.0078125 0.00625
1 0.88125 0.67578125 0.00859375 0.00625
1 0.83671875 0.69609375 0.0078125 0.00625
1 0.6921875 0.775 0.00703125 0.00703125
1 0.66484375 0.7671875 0.00859375 0.00703125
1 0.65390625 0.77890625 0.00859375 0.00703125
1 0.5859375 0.82109375 0.0078125 0.00703125
1 0.57109375 0.8265625 0.0078125 0.00625
1 0.55 0.840625 0.0078125 0.0046875
1 0.5265625 0.85078125 0.0078125 0.0046875
1 0.51015625 0.86171875 0.00703125 0.00703125
1 0.4953125 0.86796875 0.0078125 0.00703125
1 0.4703125 0.8765625 0.0078125 0.00625
1 0.41484375 0.909375 0.0078125 0.00625
1 0.3953125 0.915625 0.0078125 0.00703125
1 0.38671875 0.9203125 0.00625 0.00703125
1 0.57265625 0.90546875 0.00703125 0.00703125
1 0.5796875 0.934375 0.00859375 0.0078125
1 0.59296875 0.9203125 0.00703125 0.00703125
1 0.8015625 0.784375 0.00859375 0.00703125
1 0.5359375 0.746875 0.0078125 0.00703125
1 0.590625 0.69609375 0.0078125 0.00703125
1 0.48984375 0.5125 0.00703125 0.00859375
1 0.4890625 0.48671875 0.0078125 0.00703125
1 0.4859375 0.4671875 0.00703125 0.00703125
1 0.48125 0.4421875 0.00625 0.00859375
1 0.5 0.4234375 0.00625 0.0109375
1 0.51171875 0.5078125 0.00625 0.009375
1 0.4046875 0.1046875 0.00625 0.0078125
1 0.1703125 0.59296875 0.0046875 0.00625
1 0.1734375 0.6390625 0.00625 0.0078125
1 0.06484375 0.10234375 0.00859375 0.00703125
1 0.17734375 0.1671875 0.0125 0.0078125
1 0.790625 0.0515625 0.00625 0.00703125
1 0.66640625 0.13125 0.00859375 0.00625
1 0.72734375 0.9078125 0.0046875 0.0046875
1 0.3421875 0.95 0.015625 0.009375