1 0.03984375 0.9046875 0.0109375 0.00703125
1 0.0578125 0.896875 0.00859375 0.00625
1 0.0796875 0.88984375 0.0078125 0.00703125
1 0.07734375 0.909375 0.00859375 0.0046875
1 0.10625 0.89921875 0.0078125 0.0046875
1 0.15703125 0.87421875 0.01171875 0.00625
1 0.1953125 0.85390625 0.009375 0.00703125
1 0.23125 0.84765625 0.0078125 0.0078125
1 0.24375 0.83671875 0.0078125 0.00703125
1 0.246875 0.8421875 0.00859375 0.00703125
1 0.26875 0.81953125 0.009375 0.00703125
1 0.2265625 0.86875 0.01171875 0.00703125
1 0.2828125 0.83984375 0.0078125 0.00625
1 0.30546875 0.82734375 0.00859375 0.00703125
1 0.321875 0.81953125 0.0078125 0.00859375
1 0.35234375 0.8015625 0.01171875 0.00859375
1 0.390625 0.784375 0.01171875 0.0078125
1 0.4046875 0.778125 0.0078125 0.00703125
1 0.42734375 0.76953125 0.00859375 0.00625
1 0.4515625 0.7625 0.0109375 0.009375
1 0.48515625 0.7546875 0.0125 0.0078125
1 0.53046875 0.7484375 0.00859375 0.0078125
1 0.5546875 0.753125 0.009375 0.0078125
1 0.58984375 0.75546875 0.01171875 0.00703125
1 0.634375 0.7515625 0.0125 0.00625
1 0.653125 0.746875 0.00859375 0.00703125
1 0.696875 0.7328125 0.009375 0.00625
1 0.57578125 0.73515625 0.00859375 0.00703125
1 0.59453125 0.7296875 0.01171875 0.00703125
1 0.61484375 0.72578125 0.00859375 0.00703125
1 0.653125 0.7171875 0.009375 0.00703125
1 0.68671875 0.7109375 0.0109375 0.0078125
1 0.715625 0.7046875 0.00859375 0.00703125
1 0.73359375 0.6921875 0.009375 0.00703125
1 0.71328125 0.69140625 0.00859375 0.00625
1 0.68203125 0.6984375 0.01484375 0.00859375
1 0.6203125 0.7046875 0.0109375 0.00703125
1 0.5515625 0.7 0.01171875 0.00859375
1 0.58515625 0.71953125 0.00625 0.00703125
1 0.7734375 0.675 0.009375 0.0078125
1 0.7921875 0.6734375 0.0109375 0.0078125
1 0.81328125 0.68359375 0.009375 0.0078125
1 0.81953125 0.6953125 0.0109375 0.0078125
1 0.86484375 0.659375 0.01640625 0.00859375
1 0.85234375 0.67578125 0.00703125 0.00625
1 0.87734375 0.67109375 0.0109375 0.00703125
1 0.79609375 0.70234375 0.02734375 0.0109375
1 0.903125 0.6515625 0.0078125 0.00703125
1 0.90546875 0.66484375 0.00859375 0.0078125
1 0.93046875 0.64609375 0.0078125 0.00703125
1 0.95234375 0.6390625 0.00703125 0.00625
1 0.85546875 0.684375 0.009375 0.00625
1 0.8328125 0.709375 0.009375 0.00625
1 0.06953125 0.84921875 0.00859375 0.0046875
1 0.0796875 0.8421875 0.00859375 0.0078125
1 0.1046875 0.83671875 0.0109375 0.00703125
1 0.12890625 0.82578125 0.009375 0.00703125
1 0.15 0.8171875 0.0078125 0.00703125
1 0.16640625 0.840625 0.0109375 0.00625
1 0.19609375 0.83125 0.009375 0.00703125
1 0.18984375 0.79609375 0.00859375 0.00703125
1 0.3015625 0.80390625 0.00859375 0.00703125
1 0.30546875 0.784375 0.009375 0.0078125
1 0.34921875 0.74140625 0.00859375 0.0078125
1 0.27265625 0.73359375 0.00703125 0.00625
1 0.303125 0.69296875 0.009375 0.0109375
1 0.340625 0.71171875 0.0125 0.015625
1 0.33671875 0.6375 0.0078125 0.00859375
1 0.3796875 0.6203125 0.0078125 0.00859375
1 0.4078125 0.62578125 0.00703125 0.009375
1 0.41328125 0.59296875 0.00703125 0.00859375
1 0.38125 0.5640625 0.00703125 0.00859375
1 0.37265625 0.57109375 0.00703125 0.00625
1 0.35234375 0.5328125 0.00703125 0.00859375
1 0.35625 0.55 0.00703125 0.0078125
1 0.41953125 0.5390625 0.00859375 0.01171875
1 0.403125 0.5015625 0.00859375 0.009375
1 0.4203125 0.47578125 0.0078125 0.00859375
1 0.3796875 0.46484375 0.00703125 0.009375
1 0.3953125 0.434375 0.0078125 0.009375
1 0.4078125 0.43828125 0.0078125 0.009375
1 0.340625 0.403125 0.00703125 0.00859375
1 0.3984375 0.4 0.00625 0.00625
1 0.39921875 0.38515625 0.00859375 0.00859375
1 0.384375 0.40390625 0.0078125 0.0109375
1 0.34609375 0.42109375 0.00703125 0.00859375
1 0.33515625 0.37109375 0.00703125 0.0078125
1 0.38671875 0.3359375 0.009375 0.01171875
1 0.33203125 0.32890625 0.009375 0.009375
1 0.346875 0.3078125 0.0078125 0.00859375
1 0.36875 0.30625 0.00703125 0.0078125
1 0.3734375 0.2671875 0.00625 0.009375
1 0.3734375 0.284375 0.00625 0.0109375
1 0.37890625 0.29375 0.0078125 0.009375
1 0.3359375 0.25078125 0.0078125 0.00703125
1 0.33828125 0.23359375 0.00859375 0.0109375
1 0.3140625 0.2046875 0.00703125 0.009375
1 0.328125 0.203125 0.015625 0.02734375
1 0.36015625 0.21953125 0.009375 0.0078125
1 0.36640625 0.20546875 0.00703125 0.00703125
1 0.340625 0.1296875 0.00859375 0.00859375
1 0.3484375 0.13203125 0.00703125 0.00859375
1 0.33984375 0.10703125 0.0078125 0.00703125
1 0.3078125 0.0953125 0.0078125 0.0109375
1 0.2875 0.0828125 0.00859375 0.00859375
1 0.34296875 0.0828125 0.00703125 0.00859375
1 0.32109375 0.059375 0.0078125 0.00859375
1 0.325 0.028125 0.00625 0.0078125
1 0.32265625 0.0328125 0.00703125 0.00859375
1 0.3078125 0.046875 0.00703125 0.0078125
1 0.29921875 0.0515625 0.0046875 0.0078125
1 0.28203125 0.0296875 0.00703125 0.00703125
1 0.29609375 0.03046875 0.00625 0.00703125
1 0.278125 0.05390625 0.0078125 0.0078125
1 0.96484375 0.6578125 0.0078125 0.00625
1 0.946875 0.1984375 0.0078125 0.00703125
1 0.93671875 0.1671875 0.00625 0.00703125
1 0.93046875 0.11484375 0.00625 0.00859375
1 0.1453125 0.51796875 0.00703125 0.00703125
1 0.1625 0.5984375 0.00625 0.0078125
1 0.16875 0.621875 0.0046875 0.00703125
1 0.1703125 0.6328125 0.00625 0.00625
1 0.15546875 0.59296875 0.00703125 0.0078125
1 0.16171875 0.628125 0.00703125 0.0078125
1 0.17109375 0.66953125 0.00703125 0.00859375
1 0.17578125 0.69453125 0.0078125 0.009375
1 0.184375 0.7328125 0.0078125 0.00859375