1 0.20625 0.478125 0.015625 0.0140625
1 0.27265625 0.5734375 0.0125 0.0125
1 0.30234375 0.60078125 0.0125 0.0109375
1 0.0734375 0.903125 0.0125 0.015625
1 0.0921875 0.86328125 0.0140625 0.0140625
1 0.17890625 0.7296875 0.01640625 0.0140625
1 0.2828125 0.6609375 0.0125 0.0140625
1 0.3078125 0.65234375 0.0109375 0.01171875
1 0.31953125 0.64375 0.0125 0.0140625
1 0.32890625 0.63203125 0.0140625 0.01484375
1 0.434375 0.53984375 0.015625 0.0125
1 0.459375 0.51875 0.015625 0.01484375
1 0.4875 0.47265625 0.01484375 0.0140625
1 0.55703125 0.440625 0.01640625 0.0125
1 0.56796875 0.4171875 0.01640625 0.01484375
1 0.590625 0.403125 0.01484375 0.0140625
1 0.61015625 0.38125 0.0125 0.01171875
1 0.6296875 0.3640625 0.01484375 0.01484375
1 0.65234375 0.3453125 0.0140625 0.01171875
1 0.66484375 0.3375 0.01875 0.01484375
1 0.740625 0.29296875 0.01484375 0.0140625
1 0.78984375 0.25390625 0.015625 0.0140625
1 0.8484375 0.209375 0.01484375 0.0140625
1 0.3296875 0.6703125 0.0140625 0.0125
1 0.35234375 0.69609375 0.0125 0.015625
1 0.36875 0.696875 0.0140625 0.0125
1 0.38125 0.7125 0.01640625 0.01484375
1 0.39453125 0.73046875 0.021875 0.015625
1 0.41171875 0.75 0.01875 0.01953125
1 0.42578125 0.775 0.015625 0.015625
1 0.40546875 0.76875 0.0171875 0.01484375
1 0.4734375 0.92578125 0.0140625 0.0140625
1 0.47421875 0.971875 0.0125 0.0125
1 0.77109375 0.46796875 0.0125 0.01484375
1 0.47265625 0.93984375 0.0140625 0.0125