1 0.05390625 0.37421875 0.00703125 0.0078125
1 0.08203125 0.3140625 0.0078125 0.00625
1 0.090625 0.2859375 0.009375 0.00703125
1 0.1453125 0.29765625 0.0078125 0.00703125
1 0.16484375 0.2859375 0.0046875 0.00625
1 0.134375 0.2625 0.0109375 0.0078125
1 0.16796875 0.24609375 0.0078125 0.009375
1 0.190625 0.2375 0.00625 0.00625
1 0.215625 0.2296875 0.00859375 0.00859375
1 0.246875 0.2328125 0.00703125 0.00625
1 0.26171875 0.23125 0.0078125 0.00859375
1 0.3 0.215625 0.0109375 0.00859375
1 0.32421875 0.1734375 0.009375 0.0078125
1 0.35 0.18828125 0.00859375 0.009375
1 0.3640625 0.15390625 0.00859375 0.00703125
1 0.428125 0.121875 0.0078125 0.0078125
1 0.45625 0.11328125 0.0109375 0.009375
1 0.47890625 0.0984375 0.00859375 0.00703125
1 0.49296875 0.11796875 0.0109375 0.00859375
1 0.5203125 0.07890625 0.0078125 0.00703125
1 0.55078125 0.08984375 0.009375 0.0078125
1 0.5546875 0.06015625 0.00625 0.0046875
1 0.5765625 0.05625 0.00703125 0.00625
1 0.596875 0.071875 0.00859375 0.00703125
1 0.60625 0.04609375 0.00859375 0.00703125
1 0.6203125 0.06328125 0.0078125 0.00390625
1 0.63046875 0.0609375 0.00859375 0.00625
1 0.6328125 0.0640625 0.00625 0.0046875
1 0.65390625 0.0578125 0.00703125 0.0046875
1 0.64453125 0.0359375 0.009375 0.0078125
1 0.69453125 0.02421875 0.0125 0.00703125
1 0.7109375 0.040625 0.00625 0.00625
1 0.69375 0.059375 0.00703125 0.00703125
1 0.759375 0.0328125 0.00390625 0.00625
1 0.76640625 0.028125 0.00859375 0.0046875
1 0.778125 0.028125 0.0078125 0.00625
1 0.796875 0.02109375 0.009375 0.003125
1 0.40390625 0.1546875 0.00859375 0.0046875
1 0.2203125 0.2453125 0.0078125 0.0078125
1 0.10078125 0.328125 0.00703125 0.009375
1 0.12734375 0.2734375 0.00703125 0.00625
1 0.79765625 0.02421875 0.00703125 0.00625
1 0.6015625 0.075 0.00625 0.00703125