1 0.0203125 0.44609375 0.00703125 0.00625
1 0.0375 0.4390625 0.00703125 0.00390625
1 0.03359375 0.4484375 0.00703125 0.00703125
1 0.0328125 0.4640625 0.00703125 0.00703125
1 0.01875 0.47109375 0.0078125 0.00703125
1 0.0125 0.484375 0.0078125 0.00625
1 0.0578125 0.46015625 0.0078125 0.00625
1 0.0671875 0.4609375 0.009375 0.00625
1 0.07578125 0.45390625 0.0109375 0.0078125
1 0.0890625 0.41484375 0.00703125 0.00703125
1 0.1046875 0.42421875 0.0078125 0.0046875
1 0.10390625 0.428125 0.00703125 0.0046875
1 0.11875 0.42265625 0.0046875 0.00390625
1 0.134375 0.41875 0.00703125 0.0046875
1 0.15625 0.42421875 0.00625 0.0046875
1 0.17109375 0.403125 0.0109375 0.00703125
1 0.19609375 0.4 0.0078125 0.00703125
1 0.24140625 0.39921875 0.00859375 0.00703125
1 0.2484375 0.38046875 0.0140625 0.00859375
1 0.2859375 0.3671875 0.01484375 0.0078125
1 0.3015625 0.38671875 0.0078125 0.00625
1 0.3328125 0.378125 0.00859375 0.00625
1 0.3171875 0.3625 0.00859375 0.00703125
1 0.4046875 0.3375 0.0140625 0.0078125
1 0.4125 0.35625 0.00625 0.0046875
1 0.446875 0.334375 0.00703125 0.00625
1 0.5578125 0.3015625 0.00859375 0.00625
1 0.58203125 0.29765625 0.0078125 0.0046875
1 0.56015625 0.3234375 0.00703125 0.00625
1 0.51875 0.340625 0.0078125 0.0046875
1 0.684375 0.2703125 0.00859375 0.0078125
1 0.709375 0.26796875 0.0109375 0.00703125
1 0.73046875 0.26328125 0.0078125 0.00703125
1 0.67265625 0.29375 0.00703125 0.00703125
1 0.73671875 0.2859375 0.0109375 0.00703125
1 0.77265625 0.2734375 0.0125 0.0078125
1 0.88125 0.221875 0.0140625 0.00859375
1 0.9515625 0.20234375 0.00703125 0.00703125
1 0.94921875 0.2265625 0.0078125 0.0078125
1 0.9640625 0.228125 0.00625 0.0046875
1 0.16328125 0.1890625 0.0046875 0.00859375
1 0.271875 0.075 0.00703125 0.00703125
1 0.259375 0.39375 0.0078125 0.0046875
1 0.3265625 0.353125 0.00625 0.00390625