1 0.01796875 0.96796875 0.00703125 0.0046875
1 0.0359375 0.95625 0.00703125 0.00625
1 0.0828125 0.946875 0.00703125 0.00703125
1 0.07890625 0.93984375 0.00625 0.0046875
1 0.0953125 0.93671875 0.00703125 0.0078125
1 0.096875 0.93125 0.0046875 0.0046875
1 0.10625 0.93125 0.00703125 0.00625
1 0.115625 0.921875 0.00703125 0.0078125
1 0.13125 0.9125 0.00703125 0.00703125
1 0.14140625 0.91015625 0.00703125 0.0078125
1 0.15390625 0.9046875 0.00703125 0.0078125
1 0.1828125 0.88125 0.0046875 0.0046875
1 0.22265625 0.83125 0.0078125 0.00703125
1 0.2359375 0.82109375 0.0078125 0.0078125
1 0.2484375 0.8015625 0.0078125 0.0078125
1 0.25546875 0.7984375 0.00703125 0.0078125
1 0.278125 0.7609375 0.0078125 0.0078125
1 0.2953125 0.7421875 0.00703125 0.0078125
1 0.3 0.7296875 0.0078125 0.0078125
1 0.31875 0.70234375 0.0078125 0.0078125
1 0.3265625 0.696875 0.00703125 0.00703125
1 0.3484375 0.634375 0.00703125 0.00703125
1 0.3859375 0.55078125 0.00625 0.0078125
1 0.409375 0.46171875 0.0046875 0.00703125
1 0.43125 0.36875 0.00703125 0.00703125
1 0.4421875 0.34296875 0.00703125 0.00703125
1 0.45546875 0.2796875 0.0109375 0.01171875
1 0.46796875 0.23125 0.00703125 0.0078125
1 0.47734375 0.2140625 0.00859375 0.00859375
1 0.50078125 0.1203125 0.00703125 0.00859375
1 0.50390625 0.1 0.0078125 0.009375
1 0.5078125 0.065625 0.0078125 0.0109375
1 0.52109375 0.0515625 0.00859375 0.00859375
1 0.4765625 0.08515625 0.0078125 0.00859375
1 0.40078125 0.12578125 0.00859375 0.0078125
1 0.4265625 0.3 0.009375 0.01171875
1 0.24765625 0.778125 0.00859375 0.00859375
1 0.23984375 0.78203125 0.00859375 0.00859375
1 0.1875 0.83671875 0.00625 0.0078125
1 0.17265625 0.853125 0.01171875 0.0109375
1 0.134375 0.88203125 0.0109375 0.00859375
1 0.128125 0.89140625 0.0109375 0.00859375
1 0.11875 0.89765625 0.009375 0.00859375
1 0.08828125 0.91640625 0.0109375 0.0109375
1 0.04765625 0.7875 0.0109375 0.009375
1 0.065625 0.765625 0.0078125 0.0078125
1 0.32109375 0.4390625 0.00703125 0.00703125
1 0.12421875 0.24296875 0.00703125 0.00859375
1 0.1625 0.27890625 0.00859375 0.0109375
1 0.19609375 0.30390625 0.00859375 0.00859375
1 0.321875 0.35859375 0.00859375 0.009375
1 0.2765625 0.2875 0.0078125 0.0078125
1 0.24375 0.25546875 0.00703125 0.00703125
1 0.06484375 0.29609375 0.00859375 0.0078125
1 0.08046875 0.2765625 0.00703125 0.00703125
1 0.11171875 0.24375 0.00859375 0.0078125
1 0.13046875 0.22578125 0.00859375 0.0078125
1 0.0921875 0.11796875 0.009375 0.009375
1 0.07109375 0.109375 0.009375 0.009375
1 0.07578125 0.09921875 0.00859375 0.00703125
1 0.21015625 0.1453125 0.00859375 0.009375
1 0.26015625 0.10390625 0.00859375 0.00859375
1 0.29609375 0.053125 0.0078125 0.0078125
1 0.30078125 0.040625 0.0078125 0.0078125
1 0.29453125 0.0421875 0.0046875 0.0078125
1 0.290625 0.05078125 0.0078125 0.00625
1 0.31640625 0.03046875 0.009375 0.0109375
1 0.32109375 0.0109375 0.00859375 0.009375
1 0.284375 0.5375 0.00625 0.00703125
1 0.2953125 0.52578125 0.00703125 0.00703125
1 0.2140625 0.21953125 0.00703125 0.00625