1 0.175 0.22109375 0.00390625 0.0046875
1 0.06875 0.3359375 0.00390625 0.00390625
1 0.08671875 0.3296875 0.003125 0.003125
1 0.1203125 0.30859375 0.0046875 0.00390625
1 0.1828125 0.271875 0.00390625 0.00390625
1 0.18515625 0.26640625 0.0046875 0.00390625
1 0.33203125 0.17265625 0.00390625 0.003125
1 0.3328125 0.16875 0.00390625 0.00390625
1 0.34453125 0.159375 0.00390625 0.00390625
1 0.43515625 0.1 0.0046875 0.00390625
1 0.4546875 0.0890625 0.00390625 0.00390625
1 0.46640625 0.08125 0.0046875 0.0046875
1 0.49921875 0.0609375 0.00390625 0.00390625
1 0.503125 0.05546875 0.00390625 0.003125
1 0.428125 0.1 0.00390625 0.00390625
1 0.4 0.11796875 0.00390625 0.00390625
1 0.38671875 0.1265625 0.00390625 0.00390625
1 0.38359375 0.1265625 0.00390625 0.00390625
1 0.3203125 0.16796875 0.00390625 0.00390625
1 0.30078125 0.18046875 0.00390625 0.00390625
1 0.24375 0.21953125 0.0046875 0.0046875
1 0.21953125 0.2375 0.00390625 0.00390625
1 0.1921875 0.253125 0.00390625 0.00390625
1 0.1875 0.26171875 0.00625 0.00390625
1 0.09609375 0.3109375 0.0046875 0.003125
1 0.09375 0.3140625 0.00390625 0.00390625
1 0.078125 0.3265625 0.00390625 0.00390625
1 0.05 0.33828125 0.00625 0.0046875
1 0.0421875 0.39765625 0.00390625 0.00390625
1 0.07734375 0.41015625 0.00390625 0.00390625
1 0.08984375 0.42109375 0.00390625 0.00390625
1 0.10625 0.43671875 0.00390625 0.00390625
1 0.21328125 0.36875 0.0046875 0.0046875
1 0.25625 0.4203125 0.009375 0.0046875
1 0.4015625 0.31953125 0.00390625 0.00390625
1 0.2609375 0.471875 0.015625 0.0046875
1 0.3015625 0.4734375 0.00703125 0.0046875
1 0.33671875 0.46171875 0.0046875 0.0046875
1 0.3578125 0.45546875 0.00625 0.0046875
1 0.3765625 0.446875 0.0046875 0.0046875
1 0.39609375 0.43828125 0.0046875 0.00390625
1 0.23828125 0.4671875 0.00390625 0.00390625
1 0.1421875 0.50078125 0.00390625 0.00390625
1 0.0859375 0.52421875 0.00625 0.00390625
1 0.15546875 0.64921875 0.00625 0.003125
1 0.2078125 0.5203125 0.00390625 0.00390625
1 0.2328125 0.5328125 0.00390625 0.00390625
1 0.2796875 0.5328125 0.0046875 0.00390625
1 0.29609375 0.525 0.00390625 0.00390625
1 0.3171875 0.5171875 0.00390625 0.00390625
1 0.44765625 0.43359375 0.00859375 0.00625
1 0.65625 0.453125 0.00390625 0.00390625
1 0.68046875 0.46484375 0.0046875 0.00390625
1 0.7765625 0.50859375 0.00625 0.00390625
1 0.7859375 0.51484375 0.00625 0.0046875
1 0.84296875 0.5265625 0.00625 0.0046875
1 0.896875 0.5484375 0.00859375 0.0046875
1 0.91953125 0.54375 0.0046875 0.00390625
1 0.93828125 0.553125 0.00625 0.00390625
1 0.9359375 0.54296875 0.0046875 0.00390625
1 0.90703125 0.53515625 0.00625 0.00390625
1 0.759375 0.4984375 0.00625 0.0046875
1 0.5953125 0.43203125 0.00703125 0.0046875
1 0.52578125 0.421875 0.0046875 0.00390625
1 0.52109375 0.4234375 0.0046875 0.0046875
1 0.68046875 0.44921875 0.00390625 0.00390625
1 0.5921875 0.359375 0.00390625 0.00390625
1 0.5484375 0.303125 0.0046875 0.0046875
1 0.58671875 0.23515625 0.00390625 0.0046875
1 0.603125 0.16953125 0.00390625 0.003125
1 0.603125 0.16484375 0.00390625 0.003125
1 0.6109375 0.11328125 0.00390625 0.00390625
1 0.6140625 0.11796875 0.00390625 0.00390625
1 0.6203125 0.0875 0.0046875 0.0046875
1 0.7140625 0.03203125 0.003125 0.003125
1 0.64296875 0.01328125 0.0046875 0.0046875
1 0.61953125 0.046875 0.0046875 0.00625
1 0.5828125 0.1578125 0.0046875 0.0046875
1 0.5765625 0.14921875 0.00390625 0.00390625
1 0.54921875 0.2 0.00703125 0.00859375
1 0.503125 0.28046875 0.0046875 0.0046875
1 0.4515625 0.35625 0.0046875 0.0046875
1 0.35625 0.42578125 0.00625 0.00390625
1 0.559375 0.3015625 0.0046875 0.0125
1 0.96796875 0.284375 0.0046875 0.00390625
1 0.8953125 0.26640625 0.00703125 0.0046875
1 0.84296875 0.25078125 0.00390625 0.00390625
1 0.7578125 0.2109375 0.00390625 0.00390625
1 0.67109375 0.1 0.00390625 0.0046875
1 0.67109375 0.0484375 0.00390625 0.0046875
1 0.67890625 0.01328125 0.00390625 0.0046875
1 0.66484375 0.0328125 0.00390625 0.0046875
1 0.65703125 0.09609375 0.0046875 0.0046875
1 0.70625 0.1703125 0.00390625 0.00625
1 0.759375 0.22734375 0.00390625 0.0046875
1 0.8140625 0.253125 0.0046875 0.00390625
1 0.8484375 0.26171875 0.0046875 0.00390625
1 0.8875 0.27265625 0.0046875 0.0046875
1 0.903125 0.27734375 0.00625 0.00390625
1 0.959375 0.2890625 0.0046875 0.00390625
1 0.9796875 0.28828125 0.00703125 0.0046875
1 0.871875 0.50078125 0.0046875 0.0046875
1 0.721875 0.5390625 0.0046875 0.00390625
1 0.94765625 0.07890625 0.0046875 0.00390625
1 0.815625 0.5203125 0.0046875 0.0046875
1 0.51484375 0.5953125 0.0046875 0.00390625
1 0.4859375 0.60546875 0.00390625 0.00390625
1 0.4515625 0.60859375 0.0046875 0.00390625
1 0.4 0.61796875 0.0046875 0.00390625
1 0.38125 0.62421875 0.00625 0.00390625
1 0.3578125 0.5078125 0.0046875 0.00390625
1 0.3578125 0.54765625 0.00390625 0.0046875
1 0.334375 0.68046875 0.00390625 0.00390625
1 0.2453125 0.8640625 0.0046875 0.00390625
1 0.2109375 0.8515625 0.00390625 0.00390625
1 0.2359375 0.8375 0.00390625 0.003125
1 0.290625 0.80625 0.003125 0.00390625
1 0.34765625 0.74296875 0.00390625 0.00390625
1 0.346875 0.7375 0.00390625 0.00390625
1 0.34453125 0.71875 0.00390625 0.00390625
1 0.33984375 0.7015625 0.00390625 0.00390625
1 0.3328125 0.646875 0.00390625 0.003125
1 0.33671875 0.64453125 0.00390625 0.00390625
1 0.3546875 0.5734375 0.00390625 0.00390625
1 0.3609375 0.5515625 0.00390625 0.00390625
1 0.3703125 0.53125 0.00390625 0.00390625
1 0.0578125 0.9 0.0046875 0.003125
1 0.10625 0.90546875 0.0046875 0.003125
1 0.1234375 0.909375 0.00625 0.003125
1 0.2859375 0.9671875 0.0046875 0.00390625
1 0.32109375 0.984375 0.0046875 0.00390625
1 0.32578125 0.9765625 0.0046875 0.00390625
1 0.23359375 0.93046875 0.00390625 0.00390625
1 0.184375 0.91640625 0.0046875 0.0046875
1 0.1375 0.909375 0.00390625 0.00390625
1 0.1 0.9 0.0046875 0.00390625
1 0.3609375 0.98125 0.00390625 0.00390625
1 0.38515625 0.9484375 0.003125 0.00390625
1 0.38203125 0.909375 0.00390625 0.00390625
1 0.434375 0.8359375 0.00625 0.00390625
1 0.42265625 0.85 0.00390625 0.00390625
1 0.4765625 0.80859375 0.00390625 0.00390625
1 0.559375 0.75859375 0.0046875 0.00390625
1 0.60078125 0.73984375 0.0046875 0.0046875
1 0.60625 0.73359375 0.0046875 0.00390625
1 0.8609375 0.65703125 0.00703125 0.00390625
1 0.90859375 0.7078125 0.0046875 0.0046875
1 0.959375 0.7375 0.00390625 0.003125
1 0.97421875 0.6609375 0.0046875 0.0046875
1 0.940625 0.60859375 0.00390625 0.00390625
1 0.428125 0.94296875 0.00390625 0.003125
1 0.5765625 0.92890625 0.00390625 0.003125
1 0.63984375 0.92265625 0.00390625 0.00390625
1 0.65546875 0.940625 0.003125 0.003125
1 0.678125 0.9625 0.00390625 0.00390625
1 0.7921875 0.95 0.00390625 0.0046875
1 0.8234375 0.98203125 0.0046875 0.0046875
1 0.71015625 0.484375 0.00390625 0.00390625
1 0.9125 0.53203125 0.0046875 0.003125