1 0.61171875 0.053125 0.0046875 0.0078125
1 0.615625 0.1140625 0.00625 0.0078125
1 0.6296875 0.09296875 0.00703125 0.0140625
1 0.6171875 0.16875 0.00625 0.0078125
1 0.615625 0.225 0.0046875 0.00625
1 0.6078125 0.23515625 0.0046875 0.00703125
1 0.615625 0.25 0.00625 0.0078125
1 0.62734375 0.23203125 0.0046875 0.00703125
1 0.6046875 0.346875 0.00625 0.00703125
1 0.6203125 0.32265625 0.0046875 0.0046875
1 0.6046875 0.4234375 0.00625 0.00703125
1 0.603125 0.46015625 0.00390625 0.01484375
1 0.615625 0.46171875 0.00390625 0.00625
1 0.6140625 0.478125 0.00390625 0.0078125
1 0.59765625 0.59296875 0.00625 0.02421875
1 0.6046875 0.690625 0.00703125 0.00625
1 0.59296875 0.7203125 0.0046875 0.00703125
1 0.6109375 0.7828125 0.0046875 0.00625
1 0.6265625 0.86875 0.00703125 0.0078125
1 0.6453125 0.91875 0.00390625 0.00625
1 0.64921875 0.93671875 0.0046875 0.00625
1 0.665625 0.9515625 0.0046875 0.00703125
1 0.665625 0.96484375 0.0046875 0.00625
1 0.65078125 0.978125 0.0046875 0.00625
1 0.61328125 0.28671875 0.00625 0.00703125
1 0.6046875 0.4359375 0.0046875 0.00625
1 0.61328125 0.5765625 0.00625 0.00703125
1 0.63828125 0.8578125 0.0046875 0.00625
1 0.6453125 0.87109375 0.0046875 0.00625
1 0.65859375 0.91875 0.0046875 0.0078125
1 0.6046875 0.0265625 0.0046875 0.00703125
1 0.6109375 0.0703125 0.00625 0.00625
1 0.615625 0.1421875 0.0046875 0.00703125
1 0.61015625 0.29921875 0.0046875 0.00703125
1 0.54765625 0.009375 0.00625 0.0046875
1 0.62734375 0.12421875 0.0046875 0.00703125
1 0.61796875 0.1578125 0.00625 0.0078125
1 0.61171875 0.27578125 0.0046875 0.00703125
1 0.62265625 0.371875 0.0046875 0.00703125
1 0.6140625 0.5953125 0.0046875 0.00703125
1 0.603125 0.74609375 0.0046875 0.0078125
1 0.60234375 0.45 0.0046875 0.0078125
1 0.6109375 0.56953125 0.0046875 0.00703125
1 0.66484375 0.9234375 0.0046875 0.00625
1 0.21484375 0.00859375 0.0078125 0.00625
1 0.153125 0.0234375 0.01640625 0.0078125
1 0.1390625 0.01484375 0.00859375 0.00625
1 0.134375 0.02421875 0.00859375 0.00625
1 0.121875 0.02734375 0.00859375 0.00625
1 0.115625 0.0328125 0.00625 0.0046875
1 0.07890625 0.0421875 0.00625 0.0046875
1 0.0640625 0.0421875 0.00625 0.0046875
1 0.0296875 0.05625 0.00703125 0.0046875
1 0.01484375 0.05546875 0.00703125 0.0046875
1 0.615625 0.08671875 0.00625 0.0078125
1 0.61484375 0.4515625 0.0046875 0.00625
1 0.61875 0.4578125 0.0046875 0.00625
1 0.62421875 0.29375 0.00390625 0.00703125
1 0.62578125 0.08125 0.00625 0.00703125
1 0.659375 0.946875 0.0046875 0.00625
1 0.59609375 0.6734375 0.0046875 0.00625
1 0.7046875 0.96171875 0.00625 0.00625
1 0.70390625 0.97578125 0.0046875 0.00703125
1 0.728125 0.7625 0.00625 0.00625
1 0.8734375 0.82890625 0.00625 0.00625
1 0.89765625 0.8265625 0.00703125 0.00625
1 0.9015625 0.81171875 0.0078125 0.0046875
1 0.9546875 0.78125 0.00703125 0.00625
1 0.9421875 0.78984375 0.00625 0.0046875
1 0.79765625 0.72265625 0.0046875 0.00390625
1 0.809375 0.71328125 0.0046875 0.0046875
1 0.9390625 0.63671875 0.00703125 0.00625
1 0.9640625 0.60859375 0.00703125 0.00625
1 0.96796875 0.48984375 0.00625 0.00703125
1 0.9609375 0.4796875 0.00625 0.00625
1 0.915625 0.40625 0.0046875 0.00625
1 0.81328125 0.25390625 0.0078125 0.00625
1 0.62734375 0.85234375 0.0046875 0.00625
1 0.91015625 0.278125 0.00625 0.0046875
1 0.9453125 0.28828125 0.0078125 0.0046875
1 0.9359375 0.28671875 0.00625 0.0046875