1 0.0828125 0.903125 0.00703125 0.00703125
1 0.05546875 0.7796875 0.0078125 0.00859375
1 0.01875 0.68125 0.00390625 0.00703125
1 0.0265625 0.640625 0.00703125 0.0078125
1 0.01484375 0.63125 0.00390625 0.0078125
1 0.04375 0.58984375 0.00859375 0.00390625
1 0.059375 0.62109375 0.00703125 0.00625
1 0.075 0.621875 0.00859375 0.0046875
1 0.07890625 0.61640625 0.0078125 0.00625
1 0.10078125 0.6171875 0.0078125 0.00625
1 0.134375 0.60703125 0.00625 0.0046875
1 0.1578125 0.5859375 0.00625 0.00390625
1 0.10390625 0.63046875 0.00703125 0.0046875
1 0.121875 0.621875 0.0078125 0.00625
1 0.1671875 0.61640625 0.00859375 0.00625
1 0.2 0.60859375 0.00859375 0.0046875
1 0.2015625 0.5984375 0.00625 0.00390625
1 0.1984375 0.59453125 0.0078125 0.00625
1 0.25625 0.5890625 0.00703125 0.00625
1 0.275 0.59375 0.00625 0.00625
1 0.28984375 0.58203125 0.0078125 0.0078125
1 0.3109375 0.58125 0.0046875 0.00703125
1 0.328125 0.58515625 0.0078125 0.00625
1 0.35625 0.58046875 0.00859375 0.00703125
1 0.33828125 0.575 0.00859375 0.0046875
1 0.378125 0.57734375 0.0078125 0.0046875
1 0.38125 0.58203125 0.009375 0.00625
1 0.409375 0.57421875 0.0234375 0.00625
1 0.4046875 0.578125 0.00625 0.00390625
1 0.4015625 0.5640625 0.00703125 0.00703125
1 0.41484375 0.565625 0.0078125 0.00703125
1 0.434375 0.57421875 0.00703125 0.00625
1 0.43515625 0.56015625 0.00703125 0.0046875
1 0.440625 0.55859375 0.009375 0.00625
1 0.453125 0.56015625 0.009375 0.00703125
1 0.453125 0.5671875 0.009375 0.00703125
1 0.47265625 0.56953125 0.009375 0.00625
1 0.478125 0.5640625 0.009375 0.00625
1 0.4875 0.553125 0.0078125 0.0046875
1 0.4890625 0.56640625 0.0078125 0.00625
1 0.5453125 0.559375 0.00625 0.00703125
1 0.5671875 0.55546875 0.0078125 0.00625
1 0.5703125 0.54140625 0.009375 0.0046875
1 0.59765625 0.53671875 0.0078125 0.00859375
1 0.63125 0.54296875 0.00625 0.0078125
1 0.6453125 0.5359375 0.0046875 0.0078125
1 0.6703125 0.53828125 0.00390625 0.00625
1 0.6828125 0.53984375 0.00625 0.0046875
1 0.696875 0.525 0.0203125 0.00859375
1 0.72734375 0.5296875 0.00703125 0.00703125
1 0.753125 0.52734375 0.0078125 0.00625
1 0.740625 0.5203125 0.00703125 0.00703125
1 0.790625 0.50546875 0.00625 0.0046875
1 0.82265625 0.50703125 0.00703125 0.0046875
1 0.82421875 0.496875 0.00625 0.00625
1 0.8296875 0.48984375 0.00625 0.0046875
1 0.83046875 0.50078125 0.00703125 0.0046875
1 0.8484375 0.49296875 0.00703125 0.00625
1 0.840625 0.48828125 0.0109375 0.0078125
1 0.8484375 0.48046875 0.009375 0.00625
1 0.87109375 0.475 0.00625 0.00390625
1 0.9015625 0.45625 0.009375 0.00625
1 0.934375 0.43046875 0.00703125 0.0078125
1 0.946875 0.4296875 0.01875 0.0171875
1 0.9703125 0.3984375 0.0078125 0.009375
1 0.98046875 0.38203125 0.009375 0.01171875