1 0.959375 0.8015625 0.0125 0.00625
1 0.9171875 0.790625 0.00703125 0.0046875
1 0.85859375 0.7765625 0.0078125 0.00625
1 0.825 0.78203125 0.0109375 0.00625
1 0.82734375 0.7921875 0.0171875 0.009375
1 0.8484375 0.778125 0.0078125 0.00703125
1 0.9125 0.81015625 0.01171875 0.00703125
1 0.9671875 0.8234375 0.009375 0.0078125
1 0.6921875 0.71640625 0.00625 0.00703125
1 0.621875 0.6921875 0.015625 0.00859375
1 0.571875 0.67421875 0.0078125 0.0046875
1 0.5609375 0.66640625 0.00703125 0.00703125
1 0.54375 0.6609375 0.00703125 0.0046875
1 0.5296875 0.64921875 0.0171875 0.0109375
1 0.5171875 0.6484375 0.0078125 0.00625
1 0.50625 0.66484375 0.0109375 0.00625
1 0.43359375 0.63515625 0.0078125 0.00703125
1 0.47265625 0.65546875 0.0140625 0.009375
1 0.3328125 0.57109375 0.009375 0.00625
1 0.3109375 0.73984375 0.00625 0.0046875
1 0.3015625 0.7234375 0.0046875 0.00703125
1 0.29609375 0.70234375 0.00390625 0.00703125
1 0.3171875 0.75859375 0.00625 0.0078125
1 0.28984375 0.6875 0.00625 0.009375
1 0.32734375 0.7796875 0.0078125 0.00703125
1 0.27578125 0.67578125 0.00703125 0.009375
1 0.26484375 0.56796875 0.0046875 0.00859375
1 0.259375 0.521875 0.00703125 0.01171875
1 0.3484375 0.840625 0.00390625 0.00703125
1 0.2359375 0.39609375 0.0078125 0.00859375
1 0.240625 0.403125 0.00390625 0.0078125
1 0.23515625 0.3734375 0.00625 0.0109375
1 0.24296875 0.48359375 0.00390625 0.00859375
1 0.2328125 0.434375 0.00625 0.0125
1 0.30546875 0.7796875 0.009375 0.009375
1 0.3171875 0.790625 0.00390625 0.00625
1 0.3234375 0.8015625 0.003125 0.00625
1 0.32734375 0.80859375 0.0046875 0.0078125
1 0.3796875 0.9328125 0.00390625 0.00625
1 0.3875 0.9515625 0.00625 0.0078125
1 0.225 0.7828125 0.0046875 0.00859375
1 0.23515625 0.77734375 0.00625 0.00625
1 0.24375 0.7734375 0.0046875 0.00625
1 0.1859375 0.8078125 0.00390625 0.00390625
1 0.22734375 0.3078125 0.0078125 0.0125
1 0.23125 0.34609375 0.00625 0.0046875
1 0.12578125 0.27265625 0.00703125 0.00390625
1 0.190625 0.2703125 0.0046875 0.00625
1 0.18125 0.24140625 0.00703125 0.0109375
1 0.08671875 0.28203125 0.00703125 0.0046875
1 0.1078125 0.2765625 0.00703125 0.00390625
1 0.1046875 0.284375 0.00859375 0.00390625
1 0.08828125 0.2875 0.00703125 0.00625
1 0.196875 0.2234375 0.00703125 0.00390625
1 0.18671875 0.05859375 0.0046875 0.009375
1 0.196875 0.0890625 0.00625 0.00859375
1 0.19609375 0.0640625 0.00390625 0.00625
1 0.27421875 0.2296875 0.00703125 0.00625
1 0.290625 0.21796875 0.0078125 0.00703125
1 0.32109375 0.20703125 0.0109375 0.00625
1 0.3671875 0.190625 0.00625 0.00625
1 0.3890625 0.1828125 0.00859375 0.0046875
1 0.4109375 0.175 0.009375 0.0046875
1 0.46484375 0.153125 0.0078125 0.00625
1 0.496875 0.1375 0.00859375 0.00703125
1 0.528125 0.11875 0.00703125 0.0078125
1 0.55625 0.09921875 0.00859375 0.00703125
1 0.596875 0.06171875 0.00859375 0.00625
1 0.49921875 0.128125 0.009375 0.00625
1 0.4421875 0.1515625 0.0078125 0.00625
1 0.3328125 0.8203125 0.00625 0.0078125
1 0.209375 0.2203125 0.00703125 0.00390625
1 0.44375 0.31875 0.00625 0.00703125
1 0.85859375 0.79765625 0.0078125 0.00703125
1 0.353125 0.853125 0.00625 0.00703125
1 0.3625 0.8625 0.0078125 0.00859375
1 0.38046875 0.9171875 0.0046875 0.0078125
1 0.384375 0.92890625 0.00625 0.00859375
1 0.39375 0.9484375 0.00625 0.00703125
1 0.37890625 0.90546875 0.00625 0.0078125
1 0.3609375 0.8859375 0.00703125 0.00859375
1 0.36796875 0.90078125 0.0046875 0.00703125
1 0.36640625 0.90625 0.00625 0.0078125
1 0.0828125 0.29140625 0.00859375 0.0046875
1 0.35390625 0.2 0.01640625 0.0078125
1 0.1296875 0.82890625 0.00859375 0.00625
1 0.67890625 0.7625 0.00859375 0.0078125
1 0.6984375 0.7703125 0.009375 0.0078125
1 0.446875 0.61875 0.009375 0.0078125