1 0.06875 0.29140625 0.00859375 0.0109375
1 0.3765625 0.209375 0.00390625 0.00859375
1 0.384375 0.26875 0.0046875 0.0078125
1 0.39453125 0.29375 0.00390625 0.00703125
1 0.39140625 0.30703125 0.00625 0.00703125
1 0.4 0.3171875 0.0046875 0.0046875
1 0.39765625 0.36015625 0.00390625 0.0046875
1 0.40546875 0.378125 0.00390625 0.00859375
1 0.4203125 0.42421875 0.00390625 0.0046875
1 0.41328125 0.41875 0.00390625 0.00625
1 0.4078125 0.41484375 0.00390625 0.0046875
1 0.496875 0.0671875 0.00625 0.00390625
1 0.51640625 0.0640625 0.00625 0.00390625
1 0.56328125 0.02109375 0.00703125 0.00703125
1 0.56875 0.053125 0.0046875 0.0078125
1 0.63359375 0.08125 0.00625 0.00703125
1 0.63359375 0.0953125 0.00703125 0.00703125
1 0.64375 0.13828125 0.0046875 0.00703125
1 0.6296875 0.134375 0.00625 0.00859375
1 0.60703125 0.121875 0.0046875 0.00859375
1 0.58125 0.1953125 0.0046875 0.0078125
1 0.63671875 0.20703125 0.0078125 0.0078125
1 0.6140625 0.228125 0.0046875 0.0078125
1 0.65078125 0.24609375 0.0046875 0.0078125
1 0.58671875 0.215625 0.00703125 0.00703125
1 0.60078125 0.23671875 0.00625 0.0046875
1 0.60546875 0.290625 0.00625 0.00859375
1 0.615625 0.271875 0.00390625 0.00625
1 0.584375 0.2609375 0.00390625 0.00625
1 0.57421875 0.309375 0.00625 0.00703125
1 0.54296875 0.37109375 0.0078125 0.009375
1 0.51640625 0.415625 0.0046875 0.00625
1 0.4390625 0.4859375 0.00703125 0.00703125
1 0.5828125 0.3859375 0.01171875 0.01640625
1 0.55390625 0.42421875 0.0078125 0.00859375
1 0.54375 0.43125 0.009375 0.0109375
1 0.64140625 0.303125 0.00625 0.0078125
1 0.63203125 0.29765625 0.0015625 0.0046875
1 0.61171875 0.39140625 0.0046875 0.00625
1 0.60625 0.39609375 0.0046875 0.00703125
1 0.60234375 0.4328125 0.00859375 0.00625
1 0.51875 0.50078125 0.0078125 0.00859375
1 0.53046875 0.496875 0.0078125 0.00703125
1 0.5171875 0.5203125 0.0078125 0.00703125
1 0.48125 0.53515625 0.0109375 0.009375
1 0.35625 0.53125 0.00703125 0.00625
1 0.33359375 0.53984375 0.00703125 0.0046875
1 0.45390625 0.5515625 0.00625 0.00703125
1 0.45625 0.559375 0.0078125 0.00703125
1 0.44296875 0.5625 0.00703125 0.0078125
1 0.440625 0.58046875 0.00703125 0.00703125
1 0.40625 0.5671875 0.0078125 0.00625
1 0.41171875 0.5796875 0.00703125 0.00625
1 0.3640625 0.5875 0.00703125 0.00703125
1 0.28984375 0.60078125 0.00859375 0.00703125
1 0.2859375 0.62265625 0.00859375 0.0046875
1 0.24609375 0.6171875 0.009375 0.0078125
1 0.18828125 0.6203125 0.01484375 0.009375
1 0.14140625 0.65546875 0.01171875 0.0078125
1 0.1 0.59296875 0.01640625 0.00859375
1 0.31328125 0.603125 0.00625 0.0046875
1 0.240625 0.5734375 0.0046875 0.00625
1 0.19140625 0.571875 0.0078125 0.0046875
1 0.1828125 0.58125 0.00703125 0.00703125
1 0.13671875 0.590625 0.0078125 0.00625
1 0.12265625 0.653125 0.00859375 0.00625
1 0.1078125 0.63984375 0.0078125 0.00703125
1 0.0765625 0.65 0.00625 0.00625
1 0.0703125 0.66796875 0.0078125 0.0078125
1 0.0359375 0.6546875 0.0078125 0.00625
1 0.14375 0.6078125 0.00859375 0.00859375
1 0.98515625 0.38125 0.01171875 0.00625
1 0.9625 0.38203125 0.00859375 0.00625
1 0.93125 0.38984375 0.01484375 0.009375
1 0.9265625 0.4046875 0.00859375 0.00703125
1 0.9078125 0.396875 0.0078125 0.00703125
1 0.871875 0.39765625 0.00859375 0.00625
1 0.8984375 0.4125 0.009375 0.00625
1 0.828125 0.428125 0.009375 0.0078125
1 0.8015625 0.4 0.0109375 0.00703125
1 0.91171875 0.4359375 0.00859375 0.0046875
1 0.8671875 0.4484375 0.0078125 0.00625
1 0.8484375 0.45234375 0.0125 0.00625
1 0.80234375 0.453125 0.0109375 0.00625
1 0.76953125 0.4484375 0.0078125 0.00625
1 0.7453125 0.4390625 0.00625 0.00625
1 0.72578125 0.45 0.00859375 0.00703125
1 0.6953125 0.45703125 0.0078125 0.00625
1 0.6625 0.4671875 0.00703125 0.0078125
1 0.565625 0.51171875 0.00859375 0.009375
1 0.5359375 0.53125 0.00703125 0.00625
1 0.5203125 0.53828125 0.009375 0.00859375
1 0.640625 0.475 0.00625 0.0046875
1 0.63046875 0.4984375 0.00703125 0.00625
1 0.50078125 0.853125 0.0078125 0.009375
1 0.8078125 0.43125 0.0046875 0.00625
1 0.78828125 0.4359375 0.00703125 0.00390625
1 0.83828125 0.4109375 0.0046875 0.00390625
1 0.4171875 0.4109375 0.00390625 0.0046875
1 0.3640625 0.17109375 0.00390625 0.00703125
1 0.39140625 0.2734375 0.003125 0.00390625
1 0.409375 0.36328125 0.00390625 0.00390625
1 0.0796875 0.603125 0.00625 0.0046875
1 0.075 0.59453125 0.0046875 0.0046875
1 0.059375 0.6 0.0078125 0.0046875
1 0.1640625 0.58515625 0.009375 0.00390625
1 0.16328125 0.59921875 0.0078125 0.0046875
1 0.18125 0.63046875 0.00703125 0.0046875
1 0.1609375 0.64609375 0.00625 0.0046875
1 0.184375 0.64140625 0.00703125 0.003125
1 0.21484375 0.5703125 0.00625 0.00390625
1 0.325 0.5484375 0.0078125 0.00625
1 0.359375 0.525 0.00390625 0.0046875
1 0.378125 0.5203125 0.00625 0.00625
1 0.39921875 0.509375 0.00703125 0.0046875
1 0.41640625 0.5359375 0.00859375 0.00703125
1 0.446875 0.52265625 0.00703125 0.0046875
1 0.6234375 0.07421875 0.0046875 0.0078125
1 0.6203125 0.103125 0.00390625 0.00703125
1 0.62578125 0.10703125 0.003125 0.0046875
1 0.6546875 0.171875 0.00625 0.00390625
1 0.6578125 0.190625 0.00390625 0.0078125
1 0.675 0.2640625 0.00390625 0.00625
1 0.6125 0.14921875 0.0078125 0.00703125
1 0.61875 0.20625 0.00625 0.00625
1 0.8625 0.41796875 0.00703125 0.00390625
1 0.925 0.43203125 0.00625 0.003125
1 0.59921875 0.3515625 0.0046875 0.009375
1 0.721875 0.43125 0.00390625 0.00625
1 0.6859375 0.40703125 0.00625 0.00625
1 0.61796875 0.48515625 0.00625 0.0046875
1 0.6046875 0.49140625 0.0078125 0.0046875
1 0.08203125 0.62421875 0.00625 0.00625
1 0.11328125 0.64375 0.00390625 0.00390625
1 0.04140625 0.65703125 0.0046875 0.003125
1 0.49765625 0.553125 0.0046875 0.00625
1 0.56171875 0.47421875 0.00390625 0.0046875
1 0.53671875 0.5 0.0046875 0.00390625
1 0.40078125 0.35234375 0.0046875 0.00703125
1 0.40546875 0.35078125 0.0046875 0.00625
1 0.09453125 0.5984375 0.00703125 0.003125
1 0.0453125 0.66796875 0.00625 0.00625
1 0.459375 0.63046875 0.00625 0.00703125