4 0.1899 0.5034 0.0049 0.0049
4 0.2197 0.4844 0.0059 0.0059
4 0.2217 0.4067 0.0039 0.0049
4 0.2017 0.4966 0.0049 0.0068
4 0.2583 0.4580 0.0049 0.0059
4 0.2271 0.4790 0.0049 0.0049
4 0.3022 0.4229 0.0049 0.0059
4 0.3145 0.4180 0.0039 0.0059
4 0.3115 0.4243 0.0039 0.0049
4 0.3271 0.4165 0.0059 0.0049
4 0.3560 0.3931 0.0049 0.0049
4 0.3438 0.4077 0.0059 0.0049
4 0.3794 0.3853 0.0049 0.0049
4 0.3677 0.3901 0.0049 0.0049
4 0.5186 0.3159 0.0059 0.0049
4 0.5513 0.3286 0.0049 0.0049
4 0.5391 0.3057 0.0059 0.0059
4 0.5762 0.3032 0.0059 0.0049
4 0.6353 0.1748 0.0049 0.0059
4 0.4375 0.3452 0.0059 0.0049
4 0.6577 0.2876 0.0049 0.0049
4 0.9326 0.4341 0.0059 0.0049
4 0.8809 0.4097 0.0059 0.0049
4 0.6382 0.1860 0.0049 0.0068
4 0.6353 0.2051 0.0049 0.0059
4 0.5786 0.2764 0.0049 0.0039
4 0.7856 0.3696 0.0049 0.0049
4 0.6450 0.2729 0.0049 0.0049
4 0.5249 0.6992 0.0049 0.0059
4 0.5522 0.9551 0.0049 0.0059
4 0.7236 0.7393 0.0059 0.0039
4 0.5962 0.4351 0.0049 0.0068
4 0.5542 0.6416 0.0049 0.0059
4 0.5698 0.7158 0.0049 0.0039
4 0.6685 0.2993 0.0049 0.0049
4 0.6846 0.3066 0.0059 0.0059
4 0.6709 0.2949 0.0059 0.0059
4 0.6792 0.3018 0.0068 0.0059
4 0.7012 0.3042 0.0059 0.0049
4 0.0278 0.7490 0.0049 0.0059
4 0.2051 0.2744 0.0039 0.0059
4 0.0884 0.5830 0.0049 0.0059
4 0.5479 0.7119 0.0039 0.0059
4 0.1030 0.5659 0.0049 0.0068
4 0.0967 0.5732 0.0059 0.0059
4 0.0796 0.5869 0.0049 0.0059
4 0.0645 0.6001 0.0039 0.0049
4 0.0713 0.5938 0.0039 0.0059
4 0.0483 0.6211 0.0049 0.0059
4 0.5234 0.7915 0.0039 0.0049
4 0.1147 0.5557 0.0049 0.0059
4 0.0273 0.8164 0.0039 0.0059
4 0.0322 0.8916 0.0039 0.0059
4 0.0352 0.8540 0.0039 0.0049
4 0.5562 0.8701 0.0049 0.0078
4 0.9043 0.6445 0.0039 0.0059
4 0.8940 0.6602 0.0049 0.0059
4 0.8843 0.6709 0.0049 0.0059
4 0.2222 0.2998 0.0049 0.0039
4 0.2148 0.4556 0.0039 0.0049
4 0.0254 0.7368 0.0059 0.0049
4 0.0659 0.5894 0.0049 0.0049
4 0.6099 0.2695 0.0049 0.0039
4 0.3926 0.3823 0.0059 0.0049
4 0.0327 0.6304 0.0049 0.0049
4 0.0322 0.6357 0.0059 0.0059
4 0.5820 0.9683 0.0039 0.0049
4 0.5767 0.9771 0.0029 0.0049
4 0.2314 0.7808 0.0059 0.0049
4 0.1924 0.7651 0.0039 0.0049
4 0.8032 0.1797 0.0049 0.0039
4 0.8135 0.5591 0.0039 0.0049
4 0.5298 0.0913 0.0049 0.0068
