1 0.0234375 0.38359375 0.009375 0.00859375
1 0.0640625 0.38359375 0.0046875 0.00390625
1 0.0296875 0.3953125 0.00703125 0.00390625
1 0.0625 0.37421875 0.0078125 0.00625
1 0.0859375 0.36875 0.01171875 0.00625
1 0.1140625 0.36171875 0.0078125 0.00859375
1 0.115625 0.346875 0.01953125 0.009375
1 0.153125 0.3390625 0.00859375 0.00625
1 0.1734375 0.3546875 0.0078125 0.0046875
1 0.17890625 0.3328125 0.00703125 0.0046875
1 0.203125 0.325 0.0078125 0.0046875
1 0.20703125 0.33984375 0.009375 0.00625
1 0.2359375 0.3390625 0.00859375 0.0078125
1 0.24453125 0.31875 0.00703125 0.0046875
1 0.21796875 0.3734375 0.00703125 0.00390625
1 0.22578125 0.37421875 0.00703125 0.0078125
1 0.24921875 0.371875 0.0078125 0.00625
1 0.2671875 0.35625 0.00703125 0.00625
1 0.25703125 0.3296875 0.00625 0.00625
1 0.26328125 0.334375 0.0046875 0.00625
1 0.2296875 0.18515625 0.0046875 0.00703125
1 0.2859375 0.4796875 0.00625 0.0078125
1 0.31328125 0.61015625 0.00625 0.00625
1 0.334375 0.7125 0.00390625 0.00625
1 0.3375 0.709375 0.0046875 0.00390625
1 0.346875 0.765625 0.00703125 0.0078125
1 0.27265625 0.2765625 0.00859375 0.0046875
1 0.3078125 0.3109375 0.0078125 0.00390625
1 0.309375 0.30390625 0.0109375 0.0046875
1 0.33046875 0.30546875 0.00703125 0.00625
1 0.33359375 0.31875 0.00703125 0.00390625
1 0.3359375 0.30078125 0.00625 0.00625
1 0.353125 0.31015625 0.00703125 0.0046875
1 0.3640625 0.29453125 0.0078125 0.0046875
1 0.39765625 0.30390625 0.00625 0.00625
1 0.38828125 0.271875 0.0046875 0.003125
1 0.42890625 0.28125 0.0078125 0.00390625
1 0.43125 0.2859375 0.00625 0.0046875
1 0.43046875 0.29765625 0.0078125 0.003125
1 0.48671875 0.275 0.00703125 0.00390625
1 0.5046875 0.28046875 0.00703125 0.00390625
1 0.51640625 0.2640625 0.00703125 0.0046875
1 0.5421875 0.26640625 0.00703125 0.00390625
1 0.5578125 0.27109375 0.00859375 0.0046875
1 0.5578125 0.259375 0.00625 0.00625
1 0.5875 0.26640625 0.00859375 0.0046875
1 0.6109375 0.2671875 0.0078125 0.00625
1 0.60859375 0.26328125 0.0078125 0.0046875
1 0.6265625 0.26640625 0.00390625 0.0046875
1 0.61015625 0.25703125 0.00625 0.003125
1 0.6328125 0.2484375 0.00625 0.00390625
1 0.6453125 0.25078125 0.0078125 0.00703125
1 0.63984375 0.2609375 0.0234375 0.009375
1 0.66484375 0.259375 0.00703125 0.00625
1 0.665625 0.24453125 0.0046875 0.0046875
1 0.684375 0.2515625 0.00703125 0.00390625
1 0.70390625 0.25390625 0.00703125 0.00625
1 0.70859375 0.2484375 0.00859375 0.00703125
1 0.721875 0.2515625 0.00703125 0.0046875
1 0.7171875 0.23671875 0.00859375 0.0046875
1 0.778125 0.24296875 0.0046875 0.00390625
1 0.79765625 0.2390625 0.0078125 0.00625
1 0.8 0.22421875 0.00703125 0.0046875
1 0.82890625 0.22109375 0.00703125 0.0046875
1 0.8421875 0.22265625 0.00625 0.00390625
1 0.86171875 0.22578125 0.0046875 0.0046875
1 0.88046875 0.2171875 0.00703125 0.0046875
1 0.925 0.20625 0.025 0.00859375
1 0.9109375 0.2125 0.0046875 0.0046875
1 0.971875 0.2 0.0078125 0.00390625
1 0.91328125 0.22265625 0.00625 0.00390625
1 0.95703125 0.21171875 0.00625 0.0046875
1 0.9828125 0.209375 0.00703125 0.0046875
1 0.1703125 0.3828125 0.0046875 0.00390625
1 0.04375 0.409375 0.00703125 0.00625