4 0.3003 0.5361 0.0049 0.0078
4 0.2803 0.3179 0.0078 0.0049
4 0.8813 0.2334 0.0088 0.0039
4 0.8052 0.2441 0.0244 0.0059
4 0.7021 0.9688 0.0039 0.0059
4 0.8018 0.2397 0.0059 0.0049
4 0.7104 0.2554 0.0088 0.0029
4 0.6709 0.2651 0.0078 0.0049
4 0.3208 0.5825 0.0029 0.0049
4 0.6299 0.2666 0.0078 0.0039
4 0.4531 0.2832 0.0137 0.0059
4 0.5903 0.2764 0.0107 0.0039
4 0.5825 0.2739 0.0068 0.0049
4 0.5747 0.2642 0.0088 0.0049
4 0.5483 0.2832 0.0088 0.0059
4 0.2549 0.3394 0.0059 0.0049
4 0.5210 0.2881 0.0068 0.0039
4 0.6348 0.2554 0.0078 0.0049
4 0.5098 0.2866 0.0059 0.0049
4 0.3403 0.6836 0.0049 0.0078
4 0.0161 0.3789 0.0068 0.0039
4 0.6855 0.2476 0.0059 0.0049
4 0.2280 0.1392 0.0049 0.0049
4 0.4351 0.3037 0.0068 0.0039
4 0.1035 0.3555 0.0273 0.0137
4 0.6147 0.2739 0.0049 0.0049
4 0.3945 0.3135 0.0059 0.0059
4 0.3896 0.9409 0.0059 0.0088
4 0.2319 0.1323 0.0049 0.0049
4 0.3813 0.9644 0.0049 0.0068
4 0.9067 0.2188 0.0088 0.0059
4 0.3608 0.3203 0.0068 0.0059
4 0.9712 0.2197 0.0049 0.0039
4 0.3442 0.3193 0.0068 0.0039
4 0.9473 0.2197 0.0078 0.0039
4 0.2622 0.3760 0.0088 0.0059
4 0.3765 0.9292 0.0049 0.0068
4 0.3071 0.3281 0.0068 0.0039
4 0.2217 0.3354 0.0059 0.0049
4 0.4868 0.2939 0.0068 0.0039
4 0.2329 0.3286 0.0068 0.0068
4 0.9131 0.2241 0.0059 0.0049
