1 0.0703125 0.04609375 0.00625 0.00390625
1 0.12578125 0.034375 0.0046875 0.00390625
1 0.0234375 0.409375 0.00390625 0.00390625
1 0.04375 0.38984375 0.00390625 0.00390625
1 0.053125 0.38515625 0.00390625 0.003125
1 0.06328125 0.384375 0.00390625 0.00390625
1 0.1046875 0.3515625 0.00390625 0.00390625
1 0.0953125 0.35546875 0.00390625 0.00390625
1 0.240625 0.26640625 0.0046875 0.00390625
1 0.25078125 0.259375 0.00625 0.00390625
1 0.334375 0.2015625 0.0046875 0.00390625
1 0.35078125 0.19453125 0.00390625 0.00390625
1 0.36796875 0.18515625 0.0046875 0.003125
1 0.3765625 0.1828125 0.0046875 0.00390625
1 0.45078125 0.14609375 0.0046875 0.0046875
1 0.46171875 0.14375 0.0046875 0.00390625
1 0.384375 0.18125 0.0046875 0.00390625
1 0.340625 0.2046875 0.0046875 0.00390625
1 0.33046875 0.21171875 0.0046875 0.00390625
1 0.3109375 0.228125 0.0078125 0.0046875
1 0.090625 0.4515625 0.0046875 0.00390625
1 0.103125 0.4640625 0.0046875 0.00390625
1 0.3625 0.22265625 0.0046875 0.00390625
1 0.6078125 0.03515625 0.0046875 0.00390625
1 0.61171875 0.0390625 0.0046875 0.00390625
1 0.6125 0.04375 0.0046875 0.003125
1 0.6125 0.04609375 0.0046875 0.003125
1 0.61484375 0.05 0.0046875 0.00390625
1 0.61640625 0.05390625 0.00390625 0.00390625
1 0.628125 0.0609375 0.00390625 0.00390625
1 0.625 0.06640625 0.00390625 0.00390625
1 0.63984375 0.05390625 0.0046875 0.00390625
1 0.63125 0.07734375 0.00390625 0.003125
1 0.628125 0.084375 0.00390625 0.00390625
1 0.46796875 0.27421875 0.0046875 0.00390625
1 0.528125 0.35078125 0.00390625 0.00390625
1 0.5109375 0.34765625 0.0046875 0.00390625
1 0.62578125 0.07109375 0.00390625 0.00390625
1 0.578125 0.1734375 0.00390625 0.0046875
1 0.57421875 0.18359375 0.00390625 0.00390625
1 0.57890625 0.3734375 0.00390625 0.00390625
1 0.571875 0.38046875 0.0046875 0.0046875
1 0.58203125 0.37109375 0.00390625 0.00390625
1 0.559375 0.27265625 0.00390625 0.0046875
1 0.56875 0.2109375 0.00390625 0.00390625
1 0.5828125 0.165625 0.0046875 0.0046875
1 0.58828125 0.1515625 0.0046875 0.00390625
1 0.59453125 0.13203125 0.0046875 0.00390625
1 0.6015625 0.11640625 0.00390625 0.00390625
1 0.58515625 0.190625 0.0078125 0.01953125
1 0.01875 0.4859375 0.0078125 0.0046875
1 0.08046875 0.49296875 0.00703125 0.00390625
1 0.10703125 0.49375 0.0046875 0.00390625
1 0.040625 0.52421875 0.00625 0.0046875
1 0.04765625 0.51953125 0.00625 0.00390625
1 0.11796875 0.50234375 0.00703125 0.0046875
1 0.2453125 0.46953125 0.0078125 0.0046875
1 0.32421875 0.459375 0.0078125 0.0046875
1 0.39921875 0.45390625 0.0078125 0.00390625
1 0.61875 0.42109375 0.00703125 0.00390625
1 0.68359375 0.403125 0.0078125 0.00390625
1 0.82890625 0.365625 0.0078125 0.00390625
1 0.9765625 0.3375 0.0078125 0.00390625
1 0.94453125 0.34453125 0.0046875 0.00390625
1 0.790625 0.3828125 0.0046875 0.00390625
1 0.7828125 0.3875 0.00625 0.0046875
1 0.64921875 0.4203125 0.00703125 0.0046875
1 0.60234375 0.43125 0.0078125 0.0046875
1 0.49765625 0.44921875 0.0046875 0.00390625
1 0.49296875 0.4484375 0.00625 0.00390625
1 0.4703125 0.45234375 0.00703125 0.00390625
1 0.4578125 0.45390625 0.00703125 0.00390625
1 0.35078125 0.4625 0.0078125 0.0046875
1 0.2984375 0.471875 0.00703125 0.00390625
1 0.28203125 0.4734375 0.00703125 0.0046875
1 0.26640625 0.47734375 0.00703125 0.00390625
1 0.24140625 0.48125 0.0046875 0.0046875
1 0.02890625 0.71015625 0.0046875 0.0046875
1 0.03359375 0.71875 0.0046875 0.00390625
1 0.03828125 0.72734375 0.00390625 0.00390625
1 0.040625 0.7375 0.00390625 0.00390625
1 0.04453125 0.7484375 0.0046875 0.0046875
1 0.03984375 0.78046875 0.00625 0.0046875
1 0.05546875 0.78828125 0.0046875 0.0046875
1 0.071875 0.7953125 0.0046875 0.00390625
1 0.08515625 0.8078125 0.0046875 0.0046875
1 0.09609375 0.815625 0.0046875 0.00390625
1 0.121875 0.85625 0.0046875 0.0046875
1 0.14140625 0.88828125 0.0046875 0.0046875
1 0.15 0.91171875 0.0046875 0.0046875
1 0.1546875 0.9203125 0.0046875 0.0046875
1 0.16328125 0.94765625 0.0046875 0.0046875
1 0.1234375 0.8171875 0.00625 0.0046875
1 0.13046875 0.79296875 0.0046875 0.00390625
1 0.13125 0.78125 0.00390625 0.00390625
1 0.12734375 0.7796875 0.0046875 0.0046875
1 0.1078125 0.725 0.0046875 0.0046875
1 0.09453125 0.69609375 0.00625 0.0046875
1 0.08828125 0.678125 0.0046875 0.0046875
1 0.0671875 0.63125 0.0046875 0.0046875
1 0.065625 0.62421875 0.00625 0.00625
1 0.0609375 0.61484375 0.00703125 0.0046875
1 0.0515625 0.565625 0.0046875 0.0046875
1 0.05546875 0.5609375 0.00625 0.0046875
1 0.12109375 0.6859375 0.00390625 0.00390625
1 0.19375 0.6828125 0.00390625 0.003125
1 0.21484375 0.678125 0.00390625 0.00390625
1 0.2265625 0.67578125 0.00625 0.00390625
1 0.2859375 0.6109375 0.0046875 0.00390625
1 0.3 0.621875 0.0046875 0.00390625
1 0.30625 0.62890625 0.0046875 0.00390625
1 0.33515625 0.63359375 0.00625 0.00390625
1 0.35078125 0.6328125 0.00625 0.00390625
1 0.3625 0.6265625 0.00625 0.00390625
1 0.37578125 0.6171875 0.0046875 0.00390625
1 0.4109375 0.59453125 0.0046875 0.0046875
1 0.42109375 0.5875 0.00703125 0.00390625
1 0.428125 0.58671875 0.0046875 0.0046875
1 0.5296875 0.4953125 0.00390625 0.00390625
1 0.53046875 0.4921875 0.0046875 0.00390625
1 0.53984375 0.48125 0.00625 0.00390625
1 0.55703125 0.46875 0.0046875 0.00390625
1 0.578125 0.45390625 0.00625 0.0046875
1 0.5265625 0.490625 0.0046875 0.00390625
1 0.45 0.54375 0.0046875 0.0046875
1 0.375 0.6015625 0.00625 0.00390625
1 0.27265625 0.5984375 0.0046875 0.0046875
1 0.2640625 0.5921875 0.00625 0.0046875
1 0.2171875 0.56328125 0.0046875 0.00390625
1 0.20234375 0.5671875 0.00390625 0.00390625
1 0.19609375 0.565625 0.00390625 0.00390625
1 0.3234375 0.63125 0.0046875 0.0046875
1 0.378125 0.68125 0.0046875 0.00390625
1 0.36640625 0.734375 0.0046875 0.00390625
1 0.3984375 0.7171875 0.00625 0.0046875
1 0.37421875 0.86171875 0.00703125 0.00859375
1 0.3703125 0.85234375 0.0046875 0.00703125
1 0.6546875 0.71015625 0.00625 0.00390625
1 0.57421875 0.71796875 0.00390625 0.00390625
1 0.52578125 0.7484375 0.0046875 0.00390625
1 0.51953125 0.7484375 0.00625 0.0046875
1 0.509375 0.7453125 0.00390625 0.00390625
1 0.48359375 0.6671875 0.00390625 0.00390625
1 0.478125 0.65 0.00625 0.0046875
1 0.47421875 0.6359375 0.0046875 0.0046875
1 0.4625 0.60625 0.00625 0.0046875
1 0.4578125 0.5875 0.0046875 0.0046875
1 0.47734375 0.66484375 0.0046875 0.0046875
1 0.4953125 0.71328125 0.0046875 0.0046875
1 0.49921875 0.725 0.0046875 0.00390625
1 0.50625 0.7375 0.00390625 0.00390625
1 0.5078125 0.74921875 0.00390625 0.00390625
1 0.5078125 0.75390625 0.00625 0.00390625
1 0.4671875 0.765625 0.00625 0.00390625
1 0.4390625 0.821875 0.00390625 0.00390625
1 0.41484375 0.8578125 0.00625 0.0046875
1 0.38125 0.8671875 0.0046875 0.00390625
1 0.4234375 0.878125 0.0046875 0.00390625
1 0.51953125 0.8328125 0.00625 0.0046875
1 0.54140625 0.82734375 0.0046875 0.003125
1 0.54765625 0.821875 0.00390625 0.0046875
1 0.56796875 0.8640625 0.0046875 0.0046875
1 0.7125 0.20703125 0.00625 0.00390625
1 0.646875 0.91640625 0.00390625 0.0046875
1 0.6046875 0.97421875 0.0046875 0.0046875
1 0.778125 0.684375 0.00390625 0.00390625
1 0.80546875 0.4609375 0.00390625 0.00390625
1 0.87734375 0.62421875 0.0046875 0.0046875
1 0.89296875 0.6578125 0.0046875 0.0046875
1 0.9671875 0.81484375 0.0046875 0.0046875
1 0.96171875 0.80390625 0.00390625 0.00390625
1 0.9234375 0.71640625 0.0046875 0.0046875
1 0.91484375 0.69609375 0.0046875 0.0046875
1 0.88984375 0.64375 0.00703125 0.01171875
1 0.8 0.4421875 0.00390625 0.00390625
1 0.78203125 0.4078125 0.00390625 0.00390625
1 0.18359375 0.98125 0.00390625 0.00390625
1 0.35703125 0.6140625 0.0046875 0.00390625