1 0.01015625 0.67421875 0.0046875 0.0046875
1 0.00859375 0.67109375 0.0046875 0.00625
1 0.03359375 0.6234375 0.0046875 0.0046875
1 0.21875 0.48203125 0.00625 0.0046875
1 0.24609375 0.459375 0.00625 0.00625
1 0.2375 0.4390625 0.00625 0.0046875
1 0.02421875 0.65703125 0.00625 0.00703125
1 0.0375 0.6375 0.00625 0.00703125
1 0.0375 0.64140625 0.0046875 0.0046875
1 0.053125 0.62109375 0.0046875 0.00625
1 0.0609375 0.6125 0.00625 0.00703125
1 0.0796875 0.60078125 0.0046875 0.0046875
1 0.090625 0.590625 0.0046875 0.00625
1 0.1046875 0.575 0.0046875 0.00625
1 0.1046875 0.5796875 0.00625 0.0046875
1 0.115625 0.5671875 0.00625 0.00625
1 0.1265625 0.56171875 0.0046875 0.00625
1 0.21015625 0.496875 0.0046875 0.0046875
1 0.2171875 0.496875 0.0046875 0.0046875
1 0.2375 0.478125 0.00703125 0.00625
1 0.25859375 0.46796875 0.00625 0.00625
1 0.63515625 0.203125 0.0046875 0.00625
1 0.66484375 0.31328125 0.00625 0.00703125
1 0.709375 0.3140625 0.0078125 0.00625
1 0.6296875 0.3328125 0.00703125 0.0046875
1 0.6390625 0.3453125 0.00703125 0.0046875
1 0.6328125 0.34453125 0.00625 0.0046875
1 0.62421875 0.3578125 0.00625 0.00625
1 0.60234375 0.41640625 0.00625 0.00703125
1 0.59921875 0.43671875 0.0046875 0.00625
1 0.584375 0.475 0.00625 0.00703125
1 0.57890625 0.40703125 0.0046875 0.00703125
1 0.540625 0.5609375 0.0046875 0.00625
1 0.5578125 0.81953125 0.0046875 0.00625
1 0.553125 0.840625 0.0046875 0.00703125
1 0.5484375 0.940625 0.0046875 0.0078125
1 0.55390625 0.98515625 0.00625 0.00625
1 0.57890625 0.95625 0.00625 0.00625
1 0.821875 0.734375 0.0046875 0.00390625
1 0.94375 0.5578125 0.00390625 0.0046875
1 0.96640625 0.58515625 0.0046875 0.00390625
1 0.77734375 0.37578125 0.00625 0.0046875
1 0.8140625 0.371875 0.0046875 0.0046875
1 0.85234375 0.3875 0.00625 0.00625
1 0.8609375 0.3875 0.0046875 0.0046875
1 0.87734375 0.39296875 0.0046875 0.0046875
1 0.92890625 0.4171875 0.0046875 0.0046875
1 0.034375 0.90234375 0.0046875 0.00625
1 0.03671875 0.88984375 0.0046875 0.00625
1 0.1578125 0.2203125 0.00625 0.0046875
1 0.02109375 0.7328125 0.00703125 0.00625
1 0.521875 0.76640625 0.0046875 0.00703125
1 0.53203125 0.8078125 0.0046875 0.00703125
1 0.02421875 0.7875 0.00390625 0.0046875
1 0.83046875 0.60546875 0.0046875 0.00390625
1 0.35390625 0.21953125 0.0046875 0.0046875
1 0.21484375 0.31328125 0.00390625 0.003125
1 0.28125 0.440625 0.00625 0.00625
1 0.14765625 0.84140625 0.0046875 0.0046875
1 0.26484375 0.79765625 0.0046875 0.0046875
1 0.884375 0.2234375 0.0046875 0.00390625
1 0.47421875 0.2171875 0.0046875 0.00625