0 0.928125 0.39296875 0.0421875 0.040625
0 0.140625 0.40390625 0.0234375 0.0203125
0 0.1328125 0.428125 0.025 0.021875
0 0.1375 0.45234375 0.0265625 0.021875
0 0.1484375 0.47578125 0.028125 0.01875
0 0.90078125 0.5421875 0.03125 0.025
0 0.8875 0.57578125 0.0296875 0.025
0 0.0765625 0.584375 0.025 0.0171875
0 0.21484375 0.6109375 0.0234375 0.0171875
0 0.0890625 0.6125 0.0265625 0.015625
0 0.978125 0.62734375 0.0265625 0.025
0 0.234375 0.628125 0.0171875 0.0140625
0 0.103125 0.6359375 0.0234375 0.0203125
0 0.8578125 0.6375 0.0234375 0.0265625
0 0.25625 0.6390625 0.01875 0.021875
0 0.1265625 0.6546875 0.021875 0.01875
0 0.9578125 0.65625 0.025 0.0328125
0 0.82890625 0.66015625 0.034375 0.040625
0 0.275 0.6609375 0.015625 0.01875
0 0.32578125 0.6625 0.0203125 0.021875
0 0.3 0.66484375 0.0203125 0.021875
0 0.3546875 0.66640625 0.0203125 0.0234375
0 0.7890625 0.675 0.0265625 0.03125
0 0.715625 0.67578125 0.0265625 0.0296875
0 0.7515625 0.67734375 0.0265625 0.034375
0 0.6484375 0.68203125 0.0265625 0.0296875
0 0.68515625 0.6859375 0.028125 0.0328125
0 0.39296875 0.7078125 0.0234375 0.0171875
0 0.3796875 0.73125 0.028125 0.01875
0 0.384375 0.7546875 0.0296875 0.0171875
0 0.8484375 0.76171875 0.028125 0.025
0 0.6921875 0.77734375 0.0265625 0.0359375
0 0.73125 0.784375 0.0265625 0.028125
0 0.765625 0.7890625 0.0234375 0.03125
0 0.79765625 0.79609375 0.0265625 0.03125
0 0.13515625 0.8125 0.0390625 0.046875
0 0.296875 0.8171875 0.028125 0.0328125
0 0.36875 0.81796875 0.0265625 0.028125
0 0.21328125 0.81953125 0.0484375 0.0515625
0 0.17265625 0.8203125 0.028125 0.03125
0 0.82109375 0.8203125 0.025 0.034375
0 0.3984375 0.82265625 0.0265625 0.028125
0 0.25625 0.8234375 0.0296875 0.0359375
0 0.3359375 0.825 0.028125 0.03125
0 0.84296875 0.8421875 0.025 0.0296875
0 0.86875 0.85859375 0.03125 0.025
0 0.88671875 0.88515625 0.03125 0.021875
0 0.9046875 0.9125 0.0265625 0.025
0 0.928125 0.9328125 0.034375 0.0265625
0 0.909375 0.96484375 0.034375 0.0265625
0 0.21875 0.0984375 0.015625 0.021875
0 0.92265625 0.9921875 0.021875 0.015625
0 0.3734375 0.1171875 0.0234375 0.01875
0 0.68671875 0.11953125 0.03125 0.0265625
0 0.65078125 0.146875 0.0234375 0.028125
0 0.42421875 0.14765625 0.01875 0.028125
0 0.396875 0.15234375 0.01875 0.028125
0 0.34375 0.15859375 0.0203125 0.0265625
0 0.3171875 0.1625 0.01875 0.0265625
0 0.1421875 0.16875 0.0171875 0.0234375
0 0.290625 0.1703125 0.0171875 0.028125
0 0.1640625 0.171875 0.0171875 0.0234375
0 0.1203125 0.171875 0.015625 0.021875
0 0.1828125 0.17265625 0.0140625 0.0203125
0 0.71015625 0.17578125 0.0265625 0.01875
0 0.74140625 0.1765625 0.028125 0.021875
0 0.20390625 0.1765625 0.0171875 0.0265625
0 0.78125 0.178125 0.0375 0.040625
0 0.2671875 0.18046875 0.01875 0.0265625
0 0.815625 0.1890625 0.0234375 0.028125
0 0.109375 0.19140625 0.021875 0.0171875
0 0.2484375 0.19296875 0.0171875 0.0265625
0 0.2265625 0.2015625 0.0171875 0.0296875
0 0.10625 0.21171875 0.025 0.015625
0 0.84140625 0.2140625 0.0234375 0.025
0 0.121875 0.22890625 0.021875 0.0140625
0 0.1515625 0.2359375 0.021875 0.015625
0 0.86796875 0.2390625 0.0234375 0.0296875
0 0.19296875 0.24140625 0.021875 0.0140625
0 0.9921875 0.25 0.015625 0.0171875
0 0.88984375 0.2640625 0.021875 0.025
0 0.1859375 0.26796875 0.0265625 0.01875
0 0.925 0.28359375 0.0296875 0.0265625
0 0.1734375 0.2890625 0.0203125 0.0203125
0 0.159375 0.30703125 0.021875 0.0203125
0 0.9140625 0.3234375 0.0296875 0.028125
0 0.159375 0.33125 0.028125 0.01875
0 0.1515625 0.353125 0.0265625 0.01875
0 0.9265625 0.35390625 0.0296875 0.0265625
0 0.0640625 0.35625 0.0203125 0.0171875
0 0.134375 0.3734375 0.028125 0.0203125