0 0.38203125 0.4421875 0.028125 0.0265625
0 0.290625 0.57109375 0.03125 0.0390625
0 0.328125 0.571875 0.03125 0.0375
0 0.4 0.57265625 0.0296875 0.0359375
0 0.20703125 0.57265625 0.0265625 0.03125
0 0.53515625 0.5734375 0.0296875 0.0359375
0 0.171875 0.57421875 0.0296875 0.0359375
0 0.4453125 0.57421875 0.0296875 0.0328125
0 0.9828125 0.575 0.021875 0.0265625
0 0.253125 0.575 0.0296875 0.0390625
0 0.71953125 0.575 0.03125 0.0359375
0 0.365625 0.575 0.03125 0.034375
0 0.840625 0.57578125 0.03125 0.034375
0 0.48125 0.5765625 0.03125 0.034375
0 0.6484375 0.5765625 0.03125 0.0375
0 0.765625 0.57734375 0.0265625 0.03125
0 0.89296875 0.57734375 0.0296875 0.0328125
0 0.928125 0.578125 0.03125 0.0328125
0 0.6828125 0.578125 0.028125 0.0359375
0 0.80234375 0.5796875 0.0296875 0.0328125
0 0.503125 0.06640625 0.0296875 0.0265625
0 0.52734375 0.6984375 0.0328125 0.0390625
0 0.46796875 0.703125 0.0515625 0.046875
0 0.28046875 0.70390625 0.03125 0.0328125
0 0.24140625 0.70390625 0.028125 0.0328125
0 0.7140625 0.70546875 0.034375 0.0375
0 0.1703125 0.70625 0.028125 0.0359375
0 0.36875 0.70703125 0.0296875 0.0375
0 0.65703125 0.7078125 0.05 0.0515625
0 0.20625 0.709375 0.0328125 0.0359375
0 0.40859375 0.709375 0.0265625 0.0359375
0 0.8953125 0.71015625 0.028125 0.0296875
0 0.33203125 0.71015625 0.0296875 0.03125
0 0.84140625 0.7109375 0.0296875 0.0296875
0 0.80546875 0.7109375 0.03125 0.0296875
0 0.95625 0.7125 0.0203125 0.0265625
0 0.984375 0.7125 0.0203125 0.028125
0 0.92734375 0.7125 0.0234375 0.0265625
0 0.759375 0.7140625 0.034375 0.046875
0 0.66875 0.77421875 0.034375 0.0265625
0 0.44609375 0.1765625 0.0328125 0.0359375
0 0.3984375 0.17734375 0.03125 0.0296875
0 0.328125 0.17734375 0.028125 0.03125
0 0.51796875 0.178125 0.03125 0.0296875
0 0.74453125 0.178125 0.0234375 0.03125
0 0.675 0.17890625 0.03125 0.0328125
0 0.36484375 0.17890625 0.03125 0.0328125
0 0.553125 0.17890625 0.0265625 0.028125
0 0.5171875 0.278125 0.0296875 0.028125
0 0.32890625 0.278125 0.028125 0.03125
0 0.403125 0.2796875 0.028125 0.028125
0 0.478125 0.2796875 0.028125 0.0328125
0 0.3640625 0.28125 0.0296875 0.0296875
0 0.71484375 0.28125 0.0296875 0.0296875
0 0.63671875 0.2953125 0.0296875 0.0265625