0 0.4921875 0.43125 0.065625 0.0625
0 0.284375 0.43828125 0.0625 0.05625
0 0.73203125 0.4421875 0.0359375 0.0359375
0 0.9203125 0.459375 0.040625 0.040625
0 0.66015625 0.5203125 0.0640625 0.065625
0 0.65234375 0.59765625 0.0578125 0.065625
0 0.7484375 0.603125 0.0578125 0.071875
0 0.578125 0.6390625 0.0578125 0.0671875
0 0.4265625 0.7109375 0.0421875 0.0484375
0 0.4859375 0.7140625 0.0609375 0.075
0 0.7203125 0.740625 0.0421875 0.0453125
0 0.8109375 0.74140625 0.0375 0.0390625
0 0.309375 0.83125 0.028125 0.0375
0 0.41875 0.85546875 0.040625 0.0359375
0 0.3609375 0.85703125 0.0546875 0.0640625
0 0.7125 0.8625 0.0296875 0.0359375
0 0.75859375 0.86328125 0.0375 0.0453125
0 0.80546875 0.8640625 0.0359375 0.04375
0 0.89765625 0.871875 0.03125 0.03125
0 0.7953125 0.97109375 0.04375 0.04375
0 0.4375 0.98671875 0.0375 0.0265625
0 0.675 0.146875 0.0625 0.059375
0 0.44453125 0.16015625 0.065625 0.0609375
0 0.1234375 0.16640625 0.0625 0.078125
0 0.309375 0.1890625 0.053125 0.0734375
0 0.62578125 0.2078125 0.0515625 0.05625
0 0.38984375 0.228125 0.0625 0.0609375
0 0.14921875 0.25625 0.0625 0.0640625
0 0.584375 0.2828125 0.071875 0.059375
0 0.34453125 0.29140625 0.065625 0.0640625
0 0.1328125 0.34453125 0.071875 0.0671875
0 0.8328125 0.35390625 0.0625 0.0703125
0 0.54453125 0.365625 0.0734375 0.071875
0 0.31328125 0.365625 0.0609375 0.0578125