0 0.4109375 0.4609375 0.0734375 0.065625
0 0.0296875 0.475 0.05625 0.0671875
0 0.24453125 0.48515625 0.065625 0.0640625
0 0.4125 0.565625 0.0703125 0.0609375
0 0.778125 0.56640625 0.0671875 0.0640625
0 0.03828125 0.56953125 0.0734375 0.0703125
0 0.240625 0.571875 0.0609375 0.065625
0 0.240625 0.6484375 0.0671875 0.0671875
0 0.0375 0.653125 0.0734375 0.06875
0 0.41640625 0.65390625 0.065625 0.065625
0 0.6234375 0.70234375 0.0796875 0.0859375
0 0.78203125 0.7234375 0.0765625 0.06875
0 0.24140625 0.72734375 0.046875 0.0359375
0 0.03359375 0.73203125 0.0671875 0.065625
0 0.41484375 0.8078125 0.059375 0.0515625
0 0.02890625 0.809375 0.040625 0.0375
0 0.70234375 0.82734375 0.0671875 0.06875
0 0.7796875 0.8296875 0.0703125 0.075
0 0.41015625 0.16484375 0.06875 0.0640625
0 0.0375 0.16484375 0.075 0.0671875
0 0.41328125 0.26015625 0.0671875 0.0671875
0 0.2359375 0.2609375 0.0796875 0.06875
0 0.03359375 0.2703125 0.0640625 0.0703125
0 0.41640625 0.36640625 0.0765625 0.0671875
0 0.24375 0.371875 0.0671875 0.0625
0 0.034375 0.38125 0.0640625 0.0640625
0 0.615625 0.3875 0.065625 0.0671875