0 0.2015625 0.41875 0.04375 0.0515625
0 0.28515625 0.43984375 0.021875 0.0265625
0 0.17265625 0.53359375 0.0390625 0.0421875
0 0.9796875 0.5390625 0.025 0.0265625
0 0.2578125 0.5484375 0.021875 0.028125
0 0.284375 0.6046875 0.0265625 0.0234375
0 0.48671875 0.609375 0.0390625 0.040625
0 0.58046875 0.6328125 0.021875 0.0265625
0 0.64375 0.6515625 0.04375 0.0515625
0 0.14375 0.6515625 0.0484375 0.0546875
0 0.27265625 0.65546875 0.04375 0.0390625
0 0.69140625 0.66484375 0.040625 0.04375
0 0.53984375 0.68671875 0.0453125 0.0390625
0 0.784375 0.6875 0.0203125 0.025
0 0.2609375 0.70546875 0.028125 0.0265625
0 0.53671875 0.73125 0.0296875 0.0328125
0 0.9734375 0.7328125 0.0203125 0.0234375
0 0.3671875 0.7359375 0.04375 0.040625
0 0.81015625 0.7421875 0.05 0.0453125
0 0.24375 0.75546875 0.0484375 0.04375
0 0.9234375 0.775 0.0453125 0.0390625
0 0.2375 0.80625 0.0390625 0.0328125
0 0.51328125 0.8234375 0.0484375 0.0421875
0 0.909375 0.8234375 0.0421875 0.0390625
0 0.34296875 0.83671875 0.04375 0.040625
0 0.73359375 0.84375 0.0375 0.0421875
0 0.90078125 0.875 0.0453125 0.046875
0 0.60390625 0.9078125 0.0515625 0.04375
0 0.884375 0.9234375 0.0515625 0.0421875
0 0.759375 0.94296875 0.0515625 0.0453125
0 0.9875 0.97578125 0.025 0.0484375
0 0.378125 0.21796875 0.0296875 0.025
0 0.24609375 0.253125 0.0484375 0.04375
0 0.36796875 0.26953125 0.0453125 0.040625
0 0.234375 0.30234375 0.0515625 0.0421875
0 0.33828125 0.365625 0.0515625 0.0390625