0 0.325 0.40546875 0.046875 0.04375
0 0.58359375 0.040625 0.0203125 0.028125
0 0.2953125 0.453125 0.0484375 0.0421875
0 0.4125 0.50703125 0.025 0.0296875
0 0.478125 0.5375 0.021875 0.0265625
0 0.55 0.565625 0.0234375 0.028125
0 0.509375 0.571875 0.025 0.025
0 0.6609375 0.58203125 0.0203125 0.0265625
0 0.3578125 0.5875 0.04375 0.0375
0 0.56796875 0.6078125 0.0203125 0.028125
0 0.3359375 0.62421875 0.028125 0.021875
0 0.6640625 0.6359375 0.01875 0.025
0 0.63125 0.06640625 0.0125 0.015625
0 0.7484375 0.696875 0.028125 0.0375
0 0.8375 0.75234375 0.0234375 0.025
0 0.884375 0.77734375 0.0234375 0.028125
0 0.9265625 0.85390625 0.025 0.025
0 0.990625 0.86484375 0.01875 0.03125
0 0.89921875 0.89921875 0.028125 0.021875
0 0.871875 0.946875 0.05 0.040625
0 0.32890625 0.13828125 0.0390625 0.053125
0 0.534375 0.1703125 0.05 0.053125
0 0.55859375 0.02578125 0.0234375 0.025
0 0.37734375 0.31640625 0.046875 0.04375
0 0.14375 0.6828125 0.0015625 0.003125
0 0.13515625 0.67890625 0.0015625 0.003125
0 0.1359375 0.68828125 0.0015625 0.003125
0 0.1421875 0.6921875 0.0015625 0.0046875
0 0.159375 0.71171875 0.0015625 0.0078125
0 0.15625 0.709375 0.0015625 0.0046875
0 0.1546875 0.69453125 0.0015625 0.0046875
0 0.14140625 0.753125 0.0015625 0.0046875
0 0.1578125 0.73046875 0.0015625 0.003125
0 0.15546875 0.7515625 0.0015625 0.0046875
0 0.15703125 0.7671875 0.0015625 0.003125
0 0.15078125 0.81484375 0.0015625 0.0046875